3.484999999999999765e-01 2.354773015758784895e+05
6.969999999999999529e-01 1.481388699984859559e+05
1.045499999999999874e+00 1.339666703630617412e+05
1.393999999999999906e+00 8.915850480880720716e+04
1.742499999999999938e+00 7.108053119579616759e+04
2.090999999999999748e+00 6.251575270346295292e+04
2.439499999999999780e+00 6.424743766279667034e+04
2.787999999999999812e+00 5.181065390116954950e+04
3.136499999999999844e+00 4.516886676284667919e+04
3.484999999999999876e+00 5.176091665877454216e+04
3.833499999999999908e+00 3.741197119655809365e+04
4.181999999999999496e+00 3.736694991213415778e+04
4.530499999999999972e+00 3.979445439276616526e+04
4.878999999999999559e+00 3.541352110856193030e+04
5.227500000000000036e+00 3.332548146843514405e+04
5.575999999999999623e+00 3.742811217204429704e+04
5.924499999999999211e+00 3.596852700217098754e+04
6.272999999999999687e+00 2.978397249606814512e+04
6.621499999999999275e+00 2.748097774658257913e+04
6.969999999999999751e+00 2.884365583757696368e+04
7.318499999999999339e+00 2.928011078569222445e+04
7.666999999999999815e+00 3.164734694870896783e+04
8.015499999999999403e+00 2.943157596508463030e+04
8.363999999999998991e+00 2.841684639034141583e+04
8.712499999999998579e+00 2.798957297493453734e+04
9.060999999999999943e+00 2.621879203588649398e+04
9.409499999999999531e+00 2.398722683621123724e+04
9.757999999999999119e+00 2.651361561889876612e+04
1.010649999999999871e+01 2.439373687670604704e+04
1.045500000000000007e+01 2.469394001925779230e+04
1.080349999999999966e+01 2.468827956331356836e+04
1.115199999999999925e+01 2.603181381326626433e+04
1.150049999999999883e+01 2.290408681772787531e+04
1.184899999999999842e+01 2.230098799882037201e+04
1.219749999999999979e+01 2.551671486532486961e+04
1.254599999999999937e+01 2.627076639872562373e+04
1.289449999999999896e+01 2.320802340517445191e+04
1.324299999999999855e+01 2.507165553006909613e+04
1.359149999999999991e+01 2.313285917393743512e+04
1.393999999999999950e+01 2.291709360342477885e+04
1.428849999999999909e+01 2.347100131450321351e+04
1.463699999999999868e+01 2.270662923734483047e+04
1.498549999999999827e+01 2.475164990823514745e+04
1.533399999999999963e+01 2.331348386463750285e+04
1.568249999999999922e+01 2.338004987730274661e+04
1.603099999999999881e+01 2.344944734227718800e+04
1.637950000000000017e+01 2.253862307851536389e+04
1.672799999999999798e+01 2.422372476467471279e+04
1.707649999999999935e+01 2.364318968067276728e+04
1.742499999999999716e+01 2.225279444992213030e+04
1.777349999999999852e+01 2.312436031507004009e+04
1.812199999999999989e+01 2.269286483612695883e+04
1.847049999999999770e+01 2.292948478516927207e+04
1.881899999999999906e+01 2.195078645109183344e+04
1.916750000000000043e+01 2.335182524140765963e+04
1.951599999999999824e+01 2.321382940083264475e+04
1.986449999999999960e+01 2.437977040311341989e+04
2.021299999999999741e+01 2.567060587860322630e+04
2.056149999999999878e+01 2.528827385419892744e+04
2.091000000000000014e+01 2.383538579783343084e+04
2.125849999999999795e+01 2.619793824004213457e+04
2.160699999999999932e+01 2.574224489889715551e+04
2.195549999999999713e+01 2.437373764664863484e+04
2.230399999999999849e+01 2.493963645324760728e+04
2.265249999999999986e+01 2.614619792574793610e+04
2.300099999999999767e+01 2.753600679685100113e+04
2.334949999999999903e+01 3.136078676977818031e+04
2.369799999999999685e+01 3.200236697584400463e+04
2.404649999999999821e+01 2.954791356403479222e+04
2.439499999999999957e+01 2.844050082655574079e+04
2.474349999999999739e+01 3.043614733014235753e+04
2.509199999999999875e+01 2.801447677394318453e+04
2.544049999999999656e+01 2.977968350662550802e+04
2.578899999999999793e+01 2.678041597134830954e+04
2.613749999999999929e+01 2.493171512445238841e+04
2.648599999999999710e+01 2.479614391328650527e+04
2.683449999999999847e+01 2.417173997398017309e+04
2.718299999999999983e+01 2.388769420659831667e+04
2.753149999999999764e+01 2.433001774386289981e+04
2.787999999999999901e+01 2.303522991239925977e+04
2.822849999999999682e+01 2.116693326113448347e+04
2.857699999999999818e+01 2.133464267496075990e+04
2.892549999999999955e+01 2.217304810374840963e+04
2.927399999999999736e+01 2.164443204168900047e+04
2.962249999999999872e+01 2.042273047440742448e+04
2.997099999999999653e+01 2.027772791706204953e+04
3.031949999999999790e+01 1.974164619104795565e+04
3.066799999999999926e+01 2.025054298209078115e+04
3.101649999999999707e+01 2.025103139226910571e+04
3.136499999999999844e+01 2.088646079179000299e+04
3.171349999999999625e+01 1.936816470742483943e+04
3.206199999999999761e+01 2.026915789912554828e+04
3.241049999999999898e+01 1.846457566856944686e+04
3.275900000000000034e+01 1.928529427191547074e+04
3.310749999999999460e+01 1.881318220996583841e+04
3.345599999999999596e+01 1.972656534240812471e+04
3.380449999999999733e+01 2.043433501152939425e+04
3.415299999999999869e+01 2.074772562185031347e+04
3.450150000000000006e+01 1.837220338863660072e+04
3.484999999999999432e+01 1.834006283710718344e+04
3.519849999999999568e+01 1.861517942847887389e+04
3.554699999999999704e+01 1.857123832845375364e+04
3.589549999999999841e+01 1.969605707115049518e+04
3.624399999999999977e+01 1.949535674797236788e+04
3.659249999999999403e+01 1.859835393257063697e+04
3.694099999999999540e+01 1.917896305589195254e+04
3.728949999999999676e+01 1.884125382676625668e+04
3.763799999999999812e+01 1.890346529970362462e+04
3.798649999999999949e+01 1.899215976945022339e+04
3.833500000000000085e+01 1.972012977041186969e+04
3.868349999999999511e+01 1.878624817486885149e+04
3.903199999999999648e+01 1.948901909441360112e+04
3.938049999999999784e+01 1.881052085599215570e+04
3.972899999999999920e+01 1.862410673392589524e+04
4.007750000000000057e+01 1.908840252715269889e+04
4.042599999999999483e+01 1.845708279484634477e+04
4.077449999999999619e+01 1.839948749448046510e+04
4.112299999999999756e+01 1.902787098680778945e+04
4.147149999999999892e+01 1.934648982829602755e+04
4.182000000000000028e+01 1.936703443918674020e+04
4.216849999999999454e+01 2.237783192835493901e+04
4.251699999999999591e+01 2.522029466765752659e+04
4.286549999999999727e+01 1.917477660960149296e+04
4.321399999999999864e+01 2.004853883242234224e+04
4.356250000000000000e+01 1.996358467135826140e+04
4.391099999999999426e+01 2.054026792200551063e+04
4.425949999999999562e+01 1.978495281925018207e+04
4.460799999999999699e+01 1.985993427700097163e+04
4.495649999999999835e+01 2.043834208801663044e+04
4.530499999999999972e+01 1.897066381905577509e+04
4.565349999999999397e+01 2.016577700894543887e+04
4.600199999999999534e+01 2.018793411729916988e+04
4.635049999999999670e+01 1.963389481762501237e+04
4.669899999999999807e+01 1.922067546737540761e+04
4.704749999999999943e+01 2.076591593084852502e+04
4.739599999999999369e+01 1.979035903635085924e+04
4.774449999999999505e+01 2.022801474316559325e+04
4.809299999999999642e+01 2.069153058252154369e+04
4.844149999999999778e+01 1.984324333302352534e+04
4.878999999999999915e+01 2.098717170818007435e+04
4.913849999999999341e+01 1.890934056456381222e+04
4.948699999999999477e+01 1.882852126130121178e+04
4.983549999999999613e+01 1.962496066086740029e+04
5.018399999999999750e+01 1.893601967519345635e+04
5.053249999999999886e+01 1.792639789579071294e+04
5.088099999999999312e+01 1.850896146515623332e+04
5.122949999999999449e+01 1.810748487166746781e+04
5.157799999999999585e+01 1.670757707629495053e+04
5.192649999999999721e+01 1.839788354161001553e+04
5.227499999999999858e+01 1.771128006415897107e+04
5.262349999999999994e+01 1.790730440640584857e+04
5.297199999999999420e+01 1.805868035543870792e+04
5.332049999999999557e+01 1.799641758675862729e+04
5.366899999999999693e+01 1.740793857653969462e+04
5.401749999999999829e+01 1.756157205009087556e+04
5.436599999999999966e+01 1.639872942856996451e+04
5.471449999999999392e+01 1.771760942236704432e+04
5.506299999999999528e+01 1.629893685953866225e+04
5.541149999999999665e+01 1.669014317698176092e+04
5.575999999999999801e+01 1.632704212618382917e+04
5.610849999999999937e+01 1.785714799754089472e+04
5.645699999999999363e+01 1.838353923259783187e+04
5.680549999999999500e+01 2.530090460737585454e+04
5.715399999999999636e+01 1.731761027720250058e+04
5.750249999999999773e+01 1.717529866800136733e+04
5.785099999999999909e+01 1.633033480433127261e+04
5.819949999999999335e+01 1.575601032621375816e+04
5.854799999999999471e+01 1.640948352588591297e+04
5.889649999999999608e+01 1.581190719513099975e+04
5.924499999999999744e+01 1.622403260892535764e+04
5.959349999999999881e+01 1.571412215766216104e+04
5.994199999999999307e+01 1.595302619368882370e+04
6.029049999999999443e+01 1.530557180113939648e+04
6.063899999999999579e+01 1.463894643813928451e+04
6.098749999999999716e+01 1.610506688908868637e+04
6.133599999999999852e+01 1.645440944433861296e+04
6.168449999999999278e+01 1.679172859655995853e+04
6.203299999999999415e+01 1.537811397290897366e+04
6.238149999999999551e+01 1.577496615587384258e+04
6.272999999999999687e+01 1.545931628460049069e+04
6.307849999999999824e+01 1.559958043457745043e+04
6.342699999999999250e+01 1.594709014185152591e+04
6.377549999999999386e+01 1.517926009374004752e+04
6.412399999999999523e+01 1.469614960844034067e+04
6.447249999999999659e+01 1.541011416345631915e+04
6.482099999999999795e+01 1.561284232686531141e+04
6.516949999999999932e+01 1.641069838047945086e+04
6.551800000000000068e+01 1.604704790154754119e+04
6.586650000000000205e+01 1.625523273337813589e+04
6.621499999999998920e+01 1.589224119475200496e+04
6.656349999999999056e+01 1.486411938943350106e+04
6.691199999999999193e+01 1.566217869574969518e+04
6.726049999999999329e+01 1.574964597111069997e+04
6.760899999999999466e+01 1.557428254415703123e+04
6.795749999999999602e+01 1.617741854064660038e+04
6.830599999999999739e+01 1.586751768863603866e+04
6.865449999999999875e+01 1.523746198734552308e+04
6.900300000000000011e+01 1.559107890839869651e+04
6.935150000000000148e+01 1.559371891502425569e+04
6.969999999999998863e+01 1.636004087483961848e+04
7.004849999999999000e+01 1.587473369260913387e+04
7.039699999999999136e+01 1.532192185896076444e+04
7.074549999999999272e+01 1.681887553241787100e+04
7.109399999999999409e+01 1.615825245615475615e+04
7.144249999999999545e+01 1.653067085570785639e+04
7.179099999999999682e+01 1.591876516649803307e+04
7.213949999999999818e+01 1.618565374047238402e+04
7.248799999999999955e+01 1.637123882517365928e+04
7.283650000000000091e+01 1.579080492102496828e+04
7.318499999999998806e+01 1.635352099636224739e+04
7.353349999999998943e+01 1.576795765286786991e+04
7.388199999999999079e+01 1.569772773707938541e+04
7.423049999999999216e+01 1.541424716072834235e+04
7.457899999999999352e+01 1.596094731039001090e+04
7.492749999999999488e+01 1.553935433501969601e+04
7.527599999999999625e+01 1.607180238890302826e+04
7.562449999999999761e+01 1.562179013217642932e+04
7.597299999999999898e+01 1.601792829181271372e+04
7.632150000000000034e+01 1.601024570848997246e+04
7.667000000000000171e+01 1.730447507421884802e+04
7.701849999999998886e+01 2.200947324185091929e+04
7.736699999999999022e+01 1.786182670163817602e+04
7.771549999999999159e+01 1.718765303088148721e+04
7.806399999999999295e+01 1.578157919909124939e+04
7.841249999999999432e+01 1.521258018448774601e+04
7.876099999999999568e+01 1.579162130276903736e+04
7.910949999999999704e+01 1.475681252714226139e+04
7.945799999999999841e+01 1.478960635292073675e+04
7.980649999999999977e+01 1.482320682050126743e+04
8.015500000000000114e+01 1.384040472740143923e+04
8.050349999999998829e+01 1.417103855561158161e+04
8.085199999999998965e+01 1.490776986745075737e+04
8.120049999999999102e+01 1.535069924339962199e+04
8.154899999999999238e+01 1.455364623575192854e+04
8.189749999999999375e+01 1.446493503899001007e+04
8.224599999999999511e+01 1.431898492604440617e+04
8.259449999999999648e+01 1.463056545475776147e+04
8.294299999999999784e+01 1.433705355373131715e+04
8.329149999999999920e+01 1.403625099960851185e+04
8.364000000000000057e+01 1.411881620470736925e+04
8.398849999999998772e+01 1.392824646693067007e+04
8.433699999999998909e+01 1.403787562382194665e+04
8.468549999999999045e+01 1.460998833291546180e+04
8.503399999999999181e+01 1.439815026881901031e+04
8.538249999999999318e+01 1.391320516889967621e+04
8.573099999999999454e+01 1.333464565506391409e+04
8.607949999999999591e+01 1.432059082011356440e+04
8.642799999999999727e+01 1.423803650179939177e+04
8.677649999999999864e+01 1.341408603654880972e+04
8.712500000000000000e+01 1.345654279332536134e+04
8.747349999999998715e+01 1.350489652435973221e+04
8.782199999999998852e+01 1.401410005619285766e+04
8.817049999999998988e+01 1.397593449783064352e+04
8.851899999999999125e+01 1.350717988903789410e+04
8.886749999999999261e+01 1.425566224197667907e+04
8.921599999999999397e+01 1.365817449322858192e+04
8.956449999999999534e+01 1.356474410368677673e+04
8.991299999999999670e+01 1.332292915327241462e+04
9.026149999999999807e+01 1.330326278762050424e+04
9.060999999999999943e+01 1.370023693620338599e+04
9.095850000000000080e+01 1.369414659840511558e+04
9.130699999999998795e+01 1.389811291559002711e+04
9.165549999999998931e+01 1.353088831373831817e+04
9.200399999999999068e+01 1.348448666627462990e+04
9.235249999999999204e+01 1.312651514806199521e+04
9.270099999999999341e+01 1.323200197616911464e+04
9.304949999999999477e+01 1.365327059689300040e+04
9.339799999999999613e+01 1.347143599051384808e+04
9.374649999999999750e+01 1.357073214228293182e+04
9.409499999999999886e+01 1.316231419920962435e+04
9.444350000000000023e+01 1.351153228244372076e+04
9.479199999999998738e+01 1.368125255295789248e+04
9.514049999999998875e+01 1.391391426163904180e+04
9.548899999999999011e+01 1.336832060165831535e+04
9.583749999999999147e+01 1.389195590269223794e+04
9.618599999999999284e+01 1.385718692994435514e+04
9.653449999999999420e+01 1.360558394445061094e+04
9.688299999999999557e+01 1.343529390514844454e+04
9.723149999999999693e+01 1.371653393675208099e+04
9.757999999999999829e+01 1.316692828880990601e+04
9.792849999999999966e+01 1.330634547644268059e+04
9.827699999999998681e+01 1.321035657544976493e+04
9.862549999999998818e+01 1.315337763895917124e+04
9.897399999999998954e+01 1.325050718872091056e+04
9.932249999999999091e+01 1.304258278173056533e+04
9.967099999999999227e+01 1.285704854736212110e+04
1.000194999999999936e+02 1.336834266379357905e+04
1.003679999999999950e+02 1.367754645293303292e+04
1.007164999999999964e+02 1.298576183263646635e+04
1.010649999999999977e+02 1.320602400455543648e+04
1.014134999999999991e+02 1.308384191665924118e+04
1.017619999999999862e+02 1.320176058497905433e+04
1.021104999999999876e+02 1.275475234168097631e+04
1.024589999999999890e+02 1.291693100738896283e+04
1.028074999999999903e+02 1.305938061072880737e+04
1.031559999999999917e+02 1.259036910291283857e+04
1.035044999999999931e+02 1.275397380064985919e+04
1.038529999999999944e+02 1.283414370628912002e+04
1.042014999999999958e+02 1.309962061193376394e+04
1.045499999999999972e+02 1.291745931373534404e+04
1.048984999999999985e+02 1.243142253792196789e+04
1.052469999999999999e+02 1.222072630936446694e+04
1.055954999999999870e+02 1.298102911498009053e+04
1.059439999999999884e+02 1.256410020624198842e+04
1.062924999999999898e+02 1.294494965357532601e+04
1.066409999999999911e+02 1.278654070304656852e+04
1.069894999999999925e+02 1.291749075594003989e+04
1.073379999999999939e+02 1.267000326544020572e+04
1.076864999999999952e+02 1.260504723099743569e+04
1.080349999999999966e+02 1.264667416527469322e+04
1.083834999999999980e+02 1.236183138818015686e+04
1.087319999999999993e+02 1.285249338920304399e+04
1.090804999999999865e+02 1.234201088542754223e+04
1.094289999999999878e+02 1.256475309201730670e+04
1.097774999999999892e+02 1.191137598405359131e+04
1.101259999999999906e+02 1.185758188331977180e+04
1.104744999999999919e+02 1.229737530342038553e+04
1.108229999999999933e+02 1.197437963397518979e+04
1.111714999999999947e+02 1.235042506091376890e+04
1.115199999999999960e+02 1.214938852328199937e+04
1.118684999999999974e+02 1.190254167805236830e+04
1.122169999999999987e+02 1.252693350309770358e+04
1.125654999999999859e+02 1.226161652072419020e+04
1.129139999999999873e+02 1.229353578271937113e+04
1.132624999999999886e+02 1.553949591494443303e+04
1.136109999999999900e+02 1.358881063912088575e+04
1.139594999999999914e+02 1.247135897404874595e+04
1.143079999999999927e+02 1.181867971617244257e+04
1.146564999999999941e+02 1.179677917279745816e+04
1.150049999999999955e+02 1.153348149770269629e+04
1.153534999999999968e+02 1.174497982169568968e+04
1.157019999999999982e+02 1.188265081313513292e+04
1.160504999999999853e+02 1.224515340929405647e+04
1.163989999999999867e+02 1.157321612016682229e+04
1.167474999999999881e+02 1.199684598390315841e+04
1.170959999999999894e+02 1.183650702513520810e+04
1.174444999999999908e+02 1.175314396464581841e+04
1.177929999999999922e+02 1.223642656960327440e+04
1.181414999999999935e+02 1.176196541777280981e+04
1.184899999999999949e+02 1.233851295982729425e+04
1.188384999999999962e+02 1.144535890044262123e+04
1.191869999999999976e+02 1.187357186412140618e+04
1.195354999999999990e+02 1.247157590300313677e+04
1.198839999999999861e+02 1.203839303947280860e+04
1.202324999999999875e+02 1.160202175937158427e+04
1.205809999999999889e+02 1.170167729011756819e+04
1.209294999999999902e+02 1.171385423702665503e+04
1.212779999999999916e+02 1.158375100408818980e+04
1.216264999999999930e+02 1.150133853022879521e+04
1.219749999999999943e+02 1.212401459501373574e+04
1.223234999999999957e+02 1.184765356108913693e+04
1.226719999999999970e+02 1.157734442220031451e+04
1.230204999999999984e+02 1.164115288110091387e+04
1.233689999999999856e+02 1.188144281528897591e+04
1.237174999999999869e+02 1.166345144054165212e+04
1.240659999999999883e+02 1.167777315564254422e+04
1.244144999999999897e+02 1.123321971445361487e+04
1.247629999999999910e+02 1.158656053923610489e+04
1.251114999999999924e+02 1.170352406641851849e+04
1.254599999999999937e+02 1.175555712717870665e+04
1.258084999999999951e+02 1.166306731058104378e+04
1.261569999999999965e+02 1.119716539308119718e+04
1.265054999999999978e+02 1.170978430664136249e+04
1.268539999999999850e+02 1.159271026196654384e+04
1.272024999999999864e+02 1.133483064680521602e+04
1.275509999999999877e+02 1.130408762250954715e+04
1.278994999999999891e+02 1.147476999332959349e+04
1.282479999999999905e+02 1.108390150290305246e+04
1.285964999999999918e+02 1.168792753675440872e+04
1.289449999999999932e+02 1.142121927641903312e+04
1.292934999999999945e+02 1.083651193927588793e+04
1.296419999999999959e+02 1.109213627419015575e+04
1.299904999999999973e+02 1.174955344413528292e+04
1.303389999999999986e+02 1.120980925629080230e+04
1.306875000000000000e+02 1.113002266047265402e+04
1.310360000000000014e+02 1.127407425974122452e+04
1.313845000000000027e+02 1.119125010106332593e+04
1.317330000000000041e+02 1.134781315370347693e+04
1.320814999999999770e+02 1.080820780727257988e+04
1.324299999999999784e+02 1.128829391503378611e+04
1.327784999999999798e+02 1.109911297569049202e+04
1.331269999999999811e+02 1.057370598469229299e+04
1.334754999999999825e+02 1.101528509548407055e+04
1.338239999999999839e+02 1.088795810865542626e+04
1.341724999999999852e+02 1.143797458419222858e+04
1.345209999999999866e+02 1.096382867155611530e+04
1.348694999999999879e+02 1.122975065177549732e+04
1.352179999999999893e+02 1.084825179360529364e+04
1.355664999999999907e+02 1.104814613512438700e+04
1.359149999999999920e+02 1.121718890715118869e+04
1.362634999999999934e+02 1.104834108852188911e+04
1.366119999999999948e+02 1.123880786053371958e+04
1.369604999999999961e+02 1.093445377042744622e+04
1.373089999999999975e+02 1.086645754390988259e+04
1.376574999999999989e+02 1.150747867455146297e+04
1.380060000000000002e+02 1.133468848792883364e+04
1.383545000000000016e+02 1.068474399605720646e+04
1.387030000000000030e+02 1.058991932158922464e+04
1.390515000000000043e+02 1.047444431307485866e+04
1.393999999999999773e+02 1.043339965097664208e+04
1.397484999999999786e+02 1.075058205541518510e+04
1.400969999999999800e+02 1.091428588798771852e+04
1.404454999999999814e+02 1.072514432534468506e+04
1.407939999999999827e+02 1.073426750264229850e+04
1.411424999999999841e+02 1.069911331661349868e+04
1.414909999999999854e+02 1.082581074571676800e+04
1.418394999999999868e+02 1.036051115674997345e+04
1.421879999999999882e+02 1.077349563345536626e+04
1.425364999999999895e+02 1.067969449222744151e+04
1.428849999999999909e+02 1.039491621987954204e+04
1.432334999999999923e+02 1.054678252370735390e+04
1.435819999999999936e+02 1.095412001772621807e+04
1.439304999999999950e+02 1.061679929144167727e+04
1.442789999999999964e+02 1.056325156264742327e+04
1.446274999999999977e+02 1.060230607547434374e+04
1.449759999999999991e+02 1.061175818660310142e+04
1.453245000000000005e+02 1.072328857361524388e+04
1.456730000000000018e+02 1.096603830684241984e+04
1.460215000000000032e+02 1.036515765854536585e+04
1.463699999999999761e+02 1.016407565742917359e+04
1.467184999999999775e+02 1.028574949246363030e+04
1.470669999999999789e+02 1.054773947003386456e+04
1.474154999999999802e+02 1.039271211775393203e+04
1.477639999999999816e+02 1.041801914903757643e+04
1.481124999999999829e+02 1.027199467434420876e+04
1.484609999999999843e+02 1.038578432898374376e+04
1.488094999999999857e+02 1.040142258054706144e+04
1.491579999999999870e+02 1.043637547082981473e+04
1.495064999999999884e+02 1.058625652470171553e+04
1.498549999999999898e+02 1.012264214691048801e+04
1.502034999999999911e+02 1.048086832361595043e+04
1.505519999999999925e+02 1.037939620050610210e+04
1.509004999999999939e+02 1.033064244842441440e+04
1.512489999999999952e+02 1.046502936164001949e+04
1.515974999999999966e+02 1.055146464401720550e+04
1.519459999999999980e+02 1.028882981681344427e+04
1.522944999999999993e+02 1.047162415795728521e+04
1.526430000000000007e+02 1.043576618295146363e+04
1.529915000000000020e+02 1.001191442017108056e+04
1.533400000000000034e+02 1.011321880382728523e+04
1.536884999999999764e+02 1.066051780271546340e+04
1.540369999999999777e+02 1.094227353032647989e+04
1.543854999999999791e+02 1.025903377037022437e+04
1.547339999999999804e+02 1.028016043556760997e+04
1.550824999999999818e+02 1.039510398642866858e+04
1.554309999999999832e+02 1.009314461597505760e+04
1.557794999999999845e+02 1.017356894753085544e+04
1.561279999999999859e+02 1.039112345969285343e+04
1.564764999999999873e+02 1.026810988614784219e+04
1.568249999999999886e+02 9.924074541877467709e+03
1.571734999999999900e+02 1.032127865772062978e+04
1.575219999999999914e+02 9.908001169038601802e+03
1.578704999999999927e+02 1.003011827543957770e+04
1.582189999999999941e+02 1.001046789613193505e+04
1.585674999999999955e+02 9.845956935261860053e+03
1.589159999999999968e+02 9.909593868964213470e+03
1.592644999999999982e+02 9.937410000968375243e+03
1.596129999999999995e+02 1.013144384051874840e+04
1.599615000000000009e+02 1.021594871998662711e+04
1.603100000000000023e+02 9.673873982717721447e+03
1.606584999999999752e+02 9.777661365381160067e+03
1.610069999999999766e+02 9.827773547001377665e+03
1.613554999999999779e+02 9.783927448834303505e+03
1.617039999999999793e+02 1.009855737592942933e+04
1.620524999999999807e+02 1.005348411614892029e+04
1.624009999999999820e+02 9.973389280097031588e+03
1.627494999999999834e+02 9.699212856932466821e+03
1.630979999999999848e+02 9.944951740201207940e+03
1.634464999999999861e+02 9.964424279494254733e+03
1.637949999999999875e+02 9.834505721917606934e+03
1.641434999999999889e+02 9.440441216820607224e+03
1.644919999999999902e+02 9.861355775657622871e+03
1.648404999999999916e+02 9.949146092937295180e+03
1.651889999999999930e+02 9.648334776495488768e+03
1.655374999999999943e+02 9.616668433978871690e+03
1.658859999999999957e+02 9.880673750646994449e+03
1.662344999999999970e+02 9.621530368697807717e+03
1.665829999999999984e+02 9.588935995764379186e+03
1.669314999999999998e+02 9.592990002092037685e+03
1.672800000000000011e+02 9.568278152158491139e+03
1.676285000000000025e+02 9.700083602156675624e+03
1.679769999999999754e+02 9.675263589153249995e+03
1.683254999999999768e+02 9.566207860716895084e+03
1.686739999999999782e+02 9.746284361670093858e+03
1.690224999999999795e+02 9.936310973853802352e+03
1.693709999999999809e+02 9.359829929806837754e+03
1.697194999999999823e+02 9.469289335497453067e+03
1.700679999999999836e+02 1.083377162404247429e+04
1.704164999999999850e+02 9.465726247092779886e+03
1.707649999999999864e+02 9.680214503367018551e+03
1.711134999999999877e+02 9.397174629184073638e+03
1.714619999999999891e+02 9.284156569004859193e+03
1.718104999999999905e+02 9.524668565891888647e+03
1.721589999999999918e+02 9.700565024158466258e+03
1.725074999999999932e+02 9.340152575361262279e+03
1.728559999999999945e+02 9.844995361726128976e+03
1.732044999999999959e+02 9.463816796977529521e+03
1.735529999999999973e+02 9.439424803447016529e+03
1.739014999999999986e+02 9.668248718325257869e+03
1.742500000000000000e+02 9.401806924742824776e+03
1.745985000000000014e+02 9.374639107096871157e+03
1.749469999999999743e+02 9.616304685466251613e+03
1.752954999999999757e+02 9.719823487607120114e+03
1.756439999999999770e+02 9.485886205742992388e+03
1.759924999999999784e+02 9.346208857400883062e+03
1.763409999999999798e+02 9.502578713604829318e+03
1.766894999999999811e+02 9.378002361259437748e+03
1.770379999999999825e+02 9.341765365240024039e+03
1.773864999999999839e+02 9.316470356779729627e+03
1.777349999999999852e+02 9.367072694721982771e+03
1.780834999999999866e+02 9.337563938072478777e+03
1.784319999999999879e+02 9.358126107545243940e+03
1.787804999999999893e+02 9.502656418079393916e+03
1.791289999999999907e+02 9.492535832453326293e+03
1.794774999999999920e+02 9.452289912509584610e+03
1.798259999999999934e+02 9.381900057012760954e+03
1.801744999999999948e+02 9.156207985943739914e+03
1.805229999999999961e+02 9.233365145423811555e+03
1.808714999999999975e+02 9.030402134173338709e+03
1.812199999999999989e+02 9.420266965660834103e+03
1.815685000000000002e+02 9.414049705860556060e+03
1.819170000000000016e+02 9.054151333138082919e+03
1.822654999999999745e+02 9.168541054682935282e+03
1.826139999999999759e+02 9.079836178175452005e+03
1.829624999999999773e+02 9.071434912278697084e+03
1.833109999999999786e+02 9.309684189989047809e+03
1.836594999999999800e+02 9.290374933580325887e+03
1.840079999999999814e+02 9.243386866295040818e+03
1.843564999999999827e+02 9.131645588727784343e+03
1.847049999999999841e+02 9.072485969992541868e+03
1.850534999999999854e+02 9.182314132496740058e+03
1.854019999999999868e+02 8.994913951400767473e+03
1.857504999999999882e+02 8.995941113065688114e+03
1.860989999999999895e+02 9.026475206345478000e+03
1.864474999999999909e+02 8.912719751046139208e+03
1.867959999999999923e+02 8.858305718912353768e+03
1.871444999999999936e+02 8.880041153585501888e+03
1.874929999999999950e+02 9.158351605928835852e+03
1.878414999999999964e+02 8.803142555829228513e+03
1.881899999999999977e+02 8.586447909758026071e+03
1.885384999999999991e+02 9.143429265590719297e+03
1.888870000000000005e+02 8.974357521446903775e+03
1.892354999999999734e+02 8.989612859531785944e+03
1.895839999999999748e+02 9.093287711613093052e+03
1.899324999999999761e+02 8.594546581393606175e+03
1.902809999999999775e+02 8.751356128841567624e+03
1.906294999999999789e+02 9.184020507104565695e+03
1.909779999999999802e+02 8.717719210016512079e+03
1.913264999999999816e+02 8.721503250140602177e+03
1.916749999999999829e+02 8.835870312690891296e+03
1.920234999999999843e+02 8.763212285996980427e+03
1.923719999999999857e+02 8.900755184052151890e+03
1.927204999999999870e+02 8.730196098407643149e+03
1.930689999999999884e+02 8.945522159963897138e+03
1.934174999999999898e+02 8.616671901642341254e+03
1.937659999999999911e+02 9.042915328604223760e+03
1.941144999999999925e+02 8.924776915849690340e+03
1.944629999999999939e+02 9.286325549638189841e+03
1.948114999999999952e+02 8.994848871966773004e+03
1.951599999999999966e+02 8.748865107026069381e+03
1.955084999999999980e+02 8.869459365515202080e+03
1.958569999999999993e+02 8.626280831941036013e+03
1.962055000000000007e+02 8.647631192281591211e+03
1.965539999999999736e+02 8.863370417630796510e+03
1.969024999999999750e+02 8.815817503513100746e+03
1.972509999999999764e+02 8.653092872331379112e+03
1.975994999999999777e+02 8.905290975943824378e+03
1.979479999999999791e+02 8.711827128536304372e+03
1.982964999999999804e+02 8.669037134844682441e+03
1.986449999999999818e+02 8.623818882822792148e+03
1.989934999999999832e+02 8.722648757922217555e+03
1.993419999999999845e+02 8.911433470524605582e+03
1.996904999999999859e+02 8.802079179477128491e+03
2.000389999999999873e+02 8.679734977855698162e+03
2.003874999999999886e+02 8.897285437301741695e+03
2.007359999999999900e+02 8.710057730481712497e+03
2.010844999999999914e+02 8.528577035002892444e+03
2.014329999999999927e+02 8.635371037820714264e+03
2.017814999999999941e+02 8.494007991032063728e+03
2.021299999999999955e+02 8.523283574443770704e+03
2.024784999999999968e+02 9.259113312048419175e+03
2.028269999999999982e+02 8.452030919098755476e+03
2.031754999999999995e+02 8.742733984920996591e+03
2.035239999999999725e+02 8.586044935883748622e+03
2.038724999999999739e+02 8.396898726299452392e+03
2.042209999999999752e+02 8.609814493015190237e+03
2.045694999999999766e+02 8.691314614363844157e+03
2.049179999999999779e+02 8.499717395136844061e+03
2.052664999999999793e+02 8.502309805209799379e+03
2.056149999999999807e+02 8.455485905265632027e+03
2.059634999999999820e+02 8.477850776993225736e+03
2.063119999999999834e+02 8.428750404442529543e+03
2.066604999999999848e+02 8.347792451334602447e+03
2.070089999999999861e+02 8.600711894064550506e+03
2.073574999999999875e+02 8.457390043980602059e+03
2.077059999999999889e+02 8.506181457806746039e+03
2.080544999999999902e+02 8.414824376727869094e+03
2.084029999999999916e+02 8.513526324392028982e+03
2.087514999999999930e+02 8.456916925645607989e+03
2.090999999999999943e+02 8.170125667044157126e+03
2.094484999999999957e+02 8.332323764647495409e+03
2.097969999999999970e+02 8.259312630075097331e+03
2.101454999999999984e+02 8.340119866017661479e+03
2.104939999999999998e+02 8.603143389934592051e+03
2.108424999999999727e+02 8.198568026846791327e+03
2.111909999999999741e+02 8.433156173542347460e+03
2.115394999999999754e+02 8.185977090363225216e+03
2.118879999999999768e+02 8.307190314386836690e+03
2.122364999999999782e+02 8.457617464640719845e+03
2.125849999999999795e+02 8.428961658918116882e+03
2.129334999999999809e+02 8.221155238909746913e+03
2.132819999999999823e+02 7.989731511095897076e+03
2.136304999999999836e+02 8.220833028720138827e+03
2.139789999999999850e+02 8.275553147345146499e+03
2.143274999999999864e+02 8.339090546263580109e+03
2.146759999999999877e+02 8.242344478893237465e+03
2.150244999999999891e+02 8.172393437075193106e+03
2.153729999999999905e+02 8.231521550356721491e+03
2.157214999999999918e+02 8.364854200076177221e+03
2.160699999999999932e+02 8.164553125278403968e+03
2.164184999999999945e+02 8.169617672464282805e+03
2.167669999999999959e+02 8.251363432002473928e+03
2.171154999999999973e+02 8.055234659705178274e+03
2.174639999999999986e+02 8.260331182714096940e+03
2.178124999999999716e+02 8.363659081869513102e+03
2.181609999999999729e+02 8.012560740902731595e+03
2.185094999999999743e+02 8.397117647866831248e+03
2.188579999999999757e+02 8.766647507421486807e+03
2.192064999999999770e+02 8.309867959840557887e+03
2.195549999999999784e+02 8.045734044193486625e+03
2.199034999999999798e+02 8.204331322875972546e+03
2.202519999999999811e+02 8.251774379911865253e+03
2.206004999999999825e+02 8.378756656513449343e+03
2.209489999999999839e+02 8.099143151189732635e+03
2.212974999999999852e+02 8.101090561625359442e+03
2.216459999999999866e+02 8.120522148160674988e+03
2.219944999999999879e+02 8.153310331676343594e+03
2.223429999999999893e+02 8.224722711436455938e+03
2.226914999999999907e+02 8.255504299041976992e+03
2.230399999999999920e+02 8.162136957663138674e+03
2.233884999999999934e+02 8.251868022773020130e+03
2.237369999999999948e+02 8.042633036813655963e+03
2.240854999999999961e+02 8.277307569786851673e+03
2.244339999999999975e+02 7.948729358123797283e+03
2.247824999999999989e+02 8.243675253837267519e+03
2.251309999999999718e+02 7.924117047728112993e+03
2.254794999999999732e+02 7.986555732420414643e+03
2.258279999999999745e+02 8.177019247078412263e+03
2.261764999999999759e+02 8.106550446186305635e+03
2.265249999999999773e+02 8.100471829046407038e+03
2.268734999999999786e+02 8.073683379950097333e+03
2.272219999999999800e+02 8.031604978346373173e+03
2.275704999999999814e+02 7.995924073545394094e+03
2.279189999999999827e+02 7.950022832536681562e+03
2.282674999999999841e+02 8.021457575128609278e+03
2.286159999999999854e+02 8.040875280934703369e+03
2.289644999999999868e+02 8.149911524223654851e+03
2.293129999999999882e+02 7.892288523378691025e+03
2.296614999999999895e+02 8.040345951214122579e+03
2.300099999999999909e+02 8.210198499173333403e+03
2.303584999999999923e+02 7.779684819608054568e+03
2.307069999999999936e+02 7.970329465098445326e+03
2.310554999999999950e+02 8.186777516814855517e+03
2.314039999999999964e+02 8.263789310599040618e+03
2.317524999999999977e+02 8.346302007570404385e+03
2.321009999999999707e+02 8.205100424612586721e+03
2.324494999999999720e+02 8.132281898881537018e+03
2.327979999999999734e+02 7.910705679052016421e+03
2.331464999999999748e+02 8.035812718660063183e+03
2.334949999999999761e+02 8.052477311244786506e+03
2.338434999999999775e+02 8.080397791519539169e+03
2.341919999999999789e+02 7.945125414299564909e+03
2.345404999999999802e+02 7.897841646214799766e+03
2.348889999999999816e+02 7.971948420487072326e+03
2.352374999999999829e+02 7.722075015422542492e+03
2.355859999999999843e+02 7.758667095513098502e+03
2.359344999999999857e+02 7.635092184856288441e+03
2.362829999999999870e+02 7.910631218940726285e+03
2.366314999999999884e+02 7.926316882260864077e+03
2.369799999999999898e+02 7.924708718713048256e+03
2.373284999999999911e+02 8.061707466398217548e+03
2.376769999999999925e+02 7.867944692662113994e+03
2.380254999999999939e+02 7.776321914691508937e+03
2.383739999999999952e+02 7.949704182151123860e+03
2.387224999999999966e+02 7.876627757264562206e+03
2.390709999999999980e+02 7.787151839996947274e+03
2.394194999999999709e+02 7.883625006638102604e+03
2.397679999999999723e+02 7.772883510057670719e+03
2.401164999999999736e+02 7.814118548773481052e+03
2.404649999999999750e+02 7.615834601167384790e+03
2.408134999999999764e+02 7.920330297291151510e+03
2.411619999999999777e+02 8.046404217433697340e+03
2.415104999999999791e+02 7.812851303523224487e+03
2.418589999999999804e+02 7.662507397801195111e+03
2.422074999999999818e+02 7.870023611624359546e+03
2.425559999999999832e+02 7.793196583298107726e+03
2.429044999999999845e+02 7.807393511217616833e+03
2.432529999999999859e+02 8.026119856070470632e+03
2.436014999999999873e+02 7.735460974494935726e+03
2.439499999999999886e+02 7.741823671066872521e+03
2.442984999999999900e+02 7.711760415698643556e+03
2.446469999999999914e+02 7.485155443882031250e+03
2.449954999999999927e+02 7.803670068388200889e+03
2.453439999999999941e+02 7.877693030330545298e+03
2.456924999999999955e+02 7.688728991512605717e+03
2.460409999999999968e+02 7.732625606945737673e+03
2.463894999999999698e+02 7.609824570371530172e+03
2.467379999999999711e+02 7.624222861094403015e+03
2.470864999999999725e+02 7.670534240891045556e+03
2.474349999999999739e+02 7.671707295008540314e+03
2.477834999999999752e+02 7.666603604609084869e+03
2.481319999999999766e+02 7.569481057274768318e+03
2.484804999999999779e+02 7.572935780347779655e+03
2.488289999999999793e+02 7.743946883727120621e+03
2.491774999999999807e+02 7.600586544605560448e+03
2.495259999999999820e+02 7.660598252180230702e+03
2.498744999999999834e+02 7.688810483895065772e+03
2.502229999999999848e+02 7.470328230704188172e+03
2.505714999999999861e+02 7.630007189339220531e+03
2.509199999999999875e+02 7.593776814196413397e+03
2.512684999999999889e+02 7.995490410968617653e+03
2.516169999999999902e+02 7.885127598942120130e+03
2.519654999999999916e+02 7.447478255262483799e+03
2.523139999999999930e+02 7.568297752814998603e+03
2.526624999999999943e+02 7.662488439189628480e+03
2.530109999999999957e+02 7.594880494943404301e+03
2.533594999999999970e+02 7.564839402382003755e+03
2.537079999999999700e+02 7.544895436187040104e+03
2.540564999999999714e+02 7.671912776026792926e+03
2.544049999999999727e+02 7.637434633973086420e+03
2.547534999999999741e+02 7.710157912215898250e+03
2.551019999999999754e+02 7.630555625688688451e+03
2.554504999999999768e+02 7.573276958079937685e+03
2.557989999999999782e+02 7.554789502886629634e+03
2.561474999999999795e+02 7.460872271490054118e+03
2.564959999999999809e+02 7.629207229289093448e+03
2.568444999999999823e+02 7.414249839620773855e+03
2.571929999999999836e+02 7.536703044769473308e+03
2.575414999999999850e+02 7.338757541555736680e+03
2.578899999999999864e+02 7.756538840660631649e+03
2.582384999999999877e+02 7.429727557370372779e+03
2.585869999999999891e+02 7.587038888392352419e+03
2.589354999999999905e+02 8.024426474262620104e+03
2.592839999999999918e+02 7.529395321613666056e+03
2.596324999999999932e+02 7.516018485644077373e+03
2.599809999999999945e+02 7.430382778772961501e+03
2.603294999999999959e+02 7.591495786103791033e+03
2.606779999999999973e+02 7.389699444087313168e+03
2.610264999999999986e+02 7.482835892339626298e+03
2.613750000000000000e+02 7.470039945420378899e+03
2.617235000000000014e+02 7.360941077139018489e+03
2.620720000000000027e+02 7.424527941639068558e+03
2.624205000000000041e+02 7.360187161765200472e+03
2.627690000000000055e+02 7.420759299019132413e+03
2.631175000000000068e+02 7.559087781351859121e+03
2.634660000000000082e+02 7.437546378902343349e+03
2.638145000000000095e+02 7.429348964796134169e+03
2.641629999999999541e+02 7.252469167087940150e+03
2.645114999999999554e+02 7.526817291783416294e+03
2.648599999999999568e+02 7.322279966276898449e+03
2.652084999999999582e+02 7.225154046283111711e+03
2.655569999999999595e+02 7.505686353509780929e+03
2.659054999999999609e+02 7.343716823372157705e+03
2.662539999999999623e+02 7.278650988303233135e+03
2.666024999999999636e+02 7.440015135425346671e+03
2.669509999999999650e+02 7.495572267730606654e+03
2.672994999999999663e+02 7.508044067320306567e+03
2.676479999999999677e+02 7.489998518714243801e+03
2.679964999999999691e+02 7.444849907257312225e+03
2.683449999999999704e+02 7.452912008407946814e+03
2.686934999999999718e+02 7.402053941951320667e+03
2.690419999999999732e+02 7.318921611519003818e+03
2.693904999999999745e+02 7.334431374113118181e+03
2.697389999999999759e+02 7.149129762150911120e+03
2.700874999999999773e+02 7.441077895450542201e+03
2.704359999999999786e+02 7.350473621172479398e+03
2.707844999999999800e+02 7.331781952328856278e+03
2.711329999999999814e+02 7.265647824479831797e+03
2.714814999999999827e+02 7.401007486080841772e+03
2.718299999999999841e+02 7.363325397927148515e+03
2.721784999999999854e+02 7.249951229143851378e+03
2.725269999999999868e+02 7.385915613148586090e+03
2.728754999999999882e+02 7.369327214764247401e+03
2.732239999999999895e+02 7.285561593276474923e+03
2.735724999999999909e+02 7.393285044013623519e+03
2.739209999999999923e+02 7.473321956658453928e+03
2.742694999999999936e+02 7.398633295233474200e+03
2.746179999999999950e+02 7.538286700830643895e+03
2.749664999999999964e+02 7.264199986305134189e+03
2.753149999999999977e+02 7.303056703965091401e+03
2.756634999999999991e+02 1.130966477909801324e+04
2.760120000000000005e+02 7.316354062529286239e+03
2.763605000000000018e+02 7.297756142129574982e+03
2.767090000000000032e+02 7.286179598290301328e+03
2.770575000000000045e+02 7.249803597478965457e+03
2.774060000000000059e+02 7.208676865204097339e+03
2.777545000000000073e+02 7.208113130230662136e+03
2.781030000000000086e+02 7.186579622456180914e+03
2.784514999999999532e+02 7.303181470278890629e+03
2.787999999999999545e+02 7.228897706092207954e+03
2.791484999999999559e+02 7.255372788790838968e+03
2.794969999999999573e+02 7.259293208327562752e+03
2.798454999999999586e+02 7.018941220979998434e+03
2.801939999999999600e+02 7.362442487430694200e+03
2.805424999999999613e+02 7.241170534286687143e+03
2.808909999999999627e+02 7.419365247677294064e+03
2.812394999999999641e+02 7.127004369489537567e+03
2.815879999999999654e+02 7.218435941298666876e+03
2.819364999999999668e+02 7.189756366583175804e+03
2.822849999999999682e+02 7.117972166468737669e+03
2.826334999999999695e+02 7.275531647675483327e+03
2.829819999999999709e+02 7.141609891499363584e+03
2.833304999999999723e+02 7.227806751353653453e+03
2.836789999999999736e+02 7.305065922376472372e+03
2.840274999999999750e+02 7.096403126194647484e+03
2.843759999999999764e+02 7.185746843983101826e+03
2.847244999999999777e+02 7.294632691834865909e+03
2.850729999999999791e+02 7.190396189667005274e+03
2.854214999999999804e+02 7.133524271721515106e+03
2.857699999999999818e+02 7.249934644882667271e+03
2.861184999999999832e+02 7.279196984608141975e+03
2.864669999999999845e+02 7.032858588493174466e+03
2.868154999999999859e+02 7.053180012380508742e+03
2.871639999999999873e+02 7.251469183300358054e+03
2.875124999999999886e+02 7.175317462931900991e+03
2.878609999999999900e+02 7.192136168594382980e+03
2.882094999999999914e+02 7.170401313750413465e+03
2.885579999999999927e+02 7.330398441051640475e+03
2.889064999999999941e+02 6.961830876223899395e+03
2.892549999999999955e+02 7.088203752375973636e+03
2.896034999999999968e+02 7.200397207196145246e+03
2.899519999999999982e+02 7.110564308830535083e+03
2.903004999999999995e+02 6.990193377126431187e+03
2.906490000000000009e+02 7.170628926639783458e+03
2.909975000000000023e+02 7.167711136641098165e+03
2.913460000000000036e+02 7.302161978831461965e+03
2.916945000000000050e+02 7.092020590819733115e+03
2.920430000000000064e+02 7.121402649933716020e+03
2.923915000000000077e+02 7.227891924876936173e+03
2.927399999999999523e+02 7.130041989760955403e+03
2.930884999999999536e+02 7.132929729322326239e+03
2.934369999999999550e+02 7.171561751143332003e+03
2.937854999999999563e+02 7.142933175135034617e+03
2.941339999999999577e+02 7.179506160788794659e+03
2.944824999999999591e+02 7.057744359847005398e+03
2.948309999999999604e+02 7.137568773738224081e+03
2.951794999999999618e+02 7.029973561018865439e+03
2.955279999999999632e+02 7.033742644149987427e+03
2.958764999999999645e+02 7.027582984637077061e+03
2.962249999999999659e+02 7.150704891243809470e+03
2.965734999999999673e+02 7.073929994544263536e+03
2.969219999999999686e+02 7.139290111126564625e+03
2.972704999999999700e+02 7.107120757699377464e+03
2.976189999999999714e+02 7.188708595057475577e+03
2.979674999999999727e+02 7.136315574064782595e+03
2.983159999999999741e+02 7.067715044039165150e+03
2.986644999999999754e+02 7.050710454598093747e+03
2.990129999999999768e+02 7.107001320861739259e+03
2.993614999999999782e+02 7.172216486509534661e+03
2.997099999999999795e+02 7.032664269939111364e+03
3.000584999999999809e+02 7.305448968915766272e+03
3.004069999999999823e+02 6.952214508612682948e+03
3.007554999999999836e+02 6.988144584639479035e+03
3.011039999999999850e+02 7.029814022225552435e+03
3.014524999999999864e+02 7.094767107840853896e+03
3.018009999999999877e+02 7.043290951755896458e+03
3.021494999999999891e+02 7.098539449070739465e+03
3.024979999999999905e+02 7.027232732232621856e+03
3.028464999999999918e+02 6.896565334617756889e+03
3.031949999999999932e+02 7.095355109531620656e+03
3.035434999999999945e+02 6.826624408162349027e+03
3.038919999999999959e+02 6.909130415857365733e+03
3.042404999999999973e+02 7.030591611128174918e+03
3.045889999999999986e+02 7.041400357269249071e+03
3.049375000000000000e+02 7.036984721704009644e+03
3.052860000000000014e+02 7.023491993203466336e+03
3.056345000000000027e+02 6.939223442001887634e+03
3.059830000000000041e+02 7.100817168462729569e+03
3.063315000000000055e+02 7.117416169029524099e+03
3.066800000000000068e+02 7.295690568583031563e+03
3.070284999999999513e+02 7.108063593527540434e+03
3.073769999999999527e+02 7.242003850965180391e+03
3.077254999999999541e+02 8.184468875575046695e+03
3.080739999999999554e+02 9.203320425311017971e+03
3.084224999999999568e+02 7.229457409401716177e+03
3.087709999999999582e+02 7.095084659659600220e+03
3.091194999999999595e+02 7.018843457548250626e+03
3.094679999999999609e+02 7.169845041938411669e+03
3.098164999999999623e+02 7.120115438431615075e+03
3.101649999999999636e+02 7.112507832828006940e+03
3.105134999999999650e+02 7.081241636184656272e+03
3.108619999999999663e+02 7.074879533336890745e+03
3.112104999999999677e+02 7.042232627617856451e+03
3.115589999999999691e+02 6.987712562139674446e+03
3.119074999999999704e+02 7.130345659216295644e+03
3.122559999999999718e+02 7.071947701224272350e+03
3.126044999999999732e+02 6.949162146962080442e+03
3.129529999999999745e+02 6.859888400653914687e+03
3.133014999999999759e+02 6.930469639112753612e+03
3.136499999999999773e+02 7.029944743305076372e+03
3.139984999999999786e+02 6.918005649897175317e+03
3.143469999999999800e+02 6.865245401971606952e+03
3.146954999999999814e+02 7.043833602581249579e+03
3.150439999999999827e+02 7.017185412930104576e+03
3.153924999999999841e+02 6.941841365322011370e+03
3.157409999999999854e+02 6.982006621460927818e+03
3.160894999999999868e+02 6.963251871407254839e+03
3.164379999999999882e+02 6.962472044826674392e+03
3.167864999999999895e+02 6.924808486664334851e+03
3.171349999999999909e+02 7.080698138193595696e+03
3.174834999999999923e+02 6.941259552460415762e+03
3.178319999999999936e+02 6.898584864099127117e+03
3.181804999999999950e+02 6.921036847573696832e+03
3.185289999999999964e+02 6.998197767936806486e+03
3.188774999999999977e+02 6.940118819941112633e+03
3.192259999999999991e+02 6.921971206527011418e+03
3.195745000000000005e+02 6.864157829488000971e+03
3.199230000000000018e+02 6.906696604471988394e+03
3.202715000000000032e+02 6.987597491016069398e+03
3.206200000000000045e+02 6.887869256056347695e+03
3.209685000000000059e+02 6.916445574254022176e+03
3.213169999999999504e+02 6.818128407709324165e+03
3.216654999999999518e+02 6.966485987731246496e+03
3.220139999999999532e+02 7.012699113352916356e+03
3.223624999999999545e+02 6.929178796454691110e+03
3.227109999999999559e+02 6.849380594230899987e+03
3.230594999999999573e+02 7.037027665328059811e+03
3.234079999999999586e+02 6.863247193637181226e+03
3.237564999999999600e+02 6.953921868305169482e+03
3.241049999999999613e+02 7.041365631022484195e+03
3.244534999999999627e+02 7.003986571161263782e+03
3.248019999999999641e+02 6.755553953786061356e+03
3.251504999999999654e+02 6.852737329317407784e+03
3.254989999999999668e+02 6.828514730950218109e+03
3.258474999999999682e+02 6.921159727513984762e+03
3.261959999999999695e+02 6.878518230701807624e+03
3.265444999999999709e+02 7.056335785880893127e+03
3.268929999999999723e+02 6.857465418323305130e+03
3.272414999999999736e+02 7.009269393188083995e+03
3.275899999999999750e+02 6.855140183430074103e+03
3.279384999999999764e+02 6.947802510856421577e+03
3.282869999999999777e+02 6.881160311291112521e+03
3.286354999999999791e+02 6.871454454818670456e+03
3.289839999999999804e+02 6.914913240943007622e+03
3.293324999999999818e+02 6.841599023183230202e+03
3.296809999999999832e+02 6.869971328579564215e+03
3.300294999999999845e+02 6.965277789515268523e+03
3.303779999999999859e+02 6.911659329535999859e+03
3.307264999999999873e+02 6.966905705945888258e+03
3.310749999999999886e+02 7.143536261064802602e+03
3.314234999999999900e+02 6.868278504480153970e+03
3.317719999999999914e+02 7.061498251814158721e+03
3.321204999999999927e+02 7.829650661001594926e+03
3.324689999999999941e+02 1.125161897967037294e+04
3.328174999999999955e+02 7.159688711722060361e+03
3.331659999999999968e+02 7.066049631149792731e+03
3.335144999999999982e+02 6.982366942581960757e+03
3.338629999999999995e+02 6.993088747310944200e+03
3.342115000000000009e+02 6.775203922113075350e+03
3.345600000000000023e+02 7.037732617472047423e+03
3.349085000000000036e+02 6.945102066088704305e+03
3.352570000000000050e+02 6.834101530260692925e+03
3.356054999999999495e+02 6.881192041913862340e+03
3.359539999999999509e+02 6.906550927125547787e+03
3.363024999999999523e+02 6.935427904424907865e+03
3.366509999999999536e+02 7.171634512096299659e+03
3.369994999999999550e+02 6.851186749504066938e+03
3.373479999999999563e+02 6.930120245350758523e+03
3.376964999999999577e+02 6.894667746831961267e+03
3.380449999999999591e+02 6.828839739864781222e+03
3.383934999999999604e+02 6.907179757226525908e+03
3.387419999999999618e+02 6.782224392052860821e+03
3.390904999999999632e+02 6.960225766373474471e+03
3.394389999999999645e+02 6.859603082214251117e+03
3.397874999999999659e+02 6.908965711394236678e+03
3.401359999999999673e+02 6.932146875554222788e+03
3.404844999999999686e+02 6.968216006095614830e+03
3.408329999999999700e+02 6.965101241847682104e+03
3.411814999999999714e+02 6.969899443424547826e+03
3.415299999999999727e+02 6.744830272391225662e+03
3.418784999999999741e+02 6.937624528975398789e+03
3.422269999999999754e+02 6.917821887725719535e+03
3.425754999999999768e+02 6.873450389517064650e+03
3.429239999999999782e+02 6.767840163797410241e+03
3.432724999999999795e+02 7.013656283502587939e+03
3.436209999999999809e+02 6.787333882832484051e+03
3.439694999999999823e+02 6.886272197254040293e+03
3.443179999999999836e+02 6.940314398126477499e+03
3.446664999999999850e+02 6.993434543825422224e+03
3.450149999999999864e+02 6.920773338363183029e+03
3.453634999999999877e+02 6.839891100427629681e+03
3.457119999999999891e+02 6.724644047306310313e+03
3.460604999999999905e+02 6.804010516801231461e+03
3.464089999999999918e+02 6.988242126637368528e+03
3.467574999999999932e+02 6.907501737271204547e+03
3.471059999999999945e+02 6.854195001408133066e+03
3.474544999999999959e+02 6.933557349119427272e+03
3.478029999999999973e+02 6.903612149259406578e+03
3.481514999999999986e+02 6.789094872058238252e+03
3.485000000000000000e+02 6.165134894613583128e+03
