3.484999999999999765e-01 6.135753762719265651e+05
6.969999999999999529e-01 3.453784958615240757e+05
1.045499999999999874e+00 2.757452160354924272e+05
1.393999999999999906e+00 1.824307827517434780e+05
1.742499999999999938e+00 1.395659165730052919e+05
2.090999999999999748e+00 1.280517138878324185e+05
2.439499999999999780e+00 1.208463573522361839e+05
2.787999999999999812e+00 8.974222919411851035e+04
3.136499999999999844e+00 7.726691450945260294e+04
3.484999999999999876e+00 7.902362127053669246e+04
3.833499999999999908e+00 6.027392374021771684e+04
4.181999999999999496e+00 5.724255698797896912e+04
4.530499999999999972e+00 6.525832494774927909e+04
4.878999999999999559e+00 6.209484512732599978e+04
5.227500000000000036e+00 5.249932092149450182e+04
5.575999999999999623e+00 5.563424382343561592e+04
5.924499999999999211e+00 4.842984989927380229e+04
6.272999999999999687e+00 4.130132106815008592e+04
6.621499999999999275e+00 3.746886795694839384e+04
6.969999999999999751e+00 3.983729272611639317e+04
7.318499999999999339e+00 3.990320208818941319e+04
7.666999999999999815e+00 4.517652435210093972e+04
8.015499999999999403e+00 4.050087593808119709e+04
8.363999999999998991e+00 3.588798298326451913e+04
8.712499999999998579e+00 3.851418187024725194e+04
9.060999999999999943e+00 3.529290384728113713e+04
9.409499999999999531e+00 3.177994328343876987e+04
9.757999999999999119e+00 3.524816086019769136e+04
1.010649999999999871e+01 3.271276460128364852e+04
1.045500000000000007e+01 2.771787571174912591e+04
1.080349999999999966e+01 3.029214122353523635e+04
1.115199999999999925e+01 3.052199795408965656e+04
1.150049999999999883e+01 2.686901597859866888e+04
1.184899999999999842e+01 2.398008177535597497e+04
1.219749999999999979e+01 2.909497951544791431e+04
1.254599999999999937e+01 3.005143505044019184e+04
1.289449999999999896e+01 2.734421224582043942e+04
1.324299999999999855e+01 2.724008264918414716e+04
1.359149999999999991e+01 2.398418173833300170e+04
1.393999999999999950e+01 2.615831910735368365e+04
1.428849999999999909e+01 2.611412944237999545e+04
1.463699999999999868e+01 2.265831642459946306e+04
1.498549999999999827e+01 2.587477572784978474e+04
1.533399999999999963e+01 2.578861503663798794e+04
1.568249999999999922e+01 2.762793128221421284e+04
1.603099999999999881e+01 2.554425387512503585e+04
1.637950000000000017e+01 2.506580569214770730e+04
1.672799999999999798e+01 2.536866917100690625e+04
1.707649999999999935e+01 2.584082610977755030e+04
1.742499999999999716e+01 2.257007248343456013e+04
1.777349999999999852e+01 2.298090003987779710e+04
1.812199999999999989e+01 2.199339633459182369e+04
1.847049999999999770e+01 2.159889717468980598e+04
1.881899999999999906e+01 2.156474690678628758e+04
1.916750000000000043e+01 2.165961791979447298e+04
1.951599999999999824e+01 2.243132767773394880e+04
1.986449999999999960e+01 2.556958932758475203e+04
2.021299999999999741e+01 2.429544894654914242e+04
2.056149999999999878e+01 2.320849132309927882e+04
2.091000000000000014e+01 2.244271389721587548e+04
2.125849999999999795e+01 2.523608136094416477e+04
2.160699999999999932e+01 2.594033004884557886e+04
2.195549999999999713e+01 2.494274642721079726e+04
2.230399999999999849e+01 2.685674856377394099e+04
2.265249999999999986e+01 2.860998515776831846e+04
2.300099999999999767e+01 3.395200305191249936e+04
2.334949999999999903e+01 4.081303816583501612e+04
2.369799999999999685e+01 4.152705912463791901e+04
2.404649999999999821e+01 3.470369467112757411e+04
2.439499999999999957e+01 4.115045630042361881e+04
2.474349999999999739e+01 3.032418994450265382e+04
2.509199999999999875e+01 3.051378345972819443e+04
2.544049999999999656e+01 3.379807415399527963e+04
2.578899999999999793e+01 2.808494726877754147e+04
2.613749999999999929e+01 2.901333862257790315e+04
2.648599999999999710e+01 2.568480508220380216e+04
2.683449999999999847e+01 2.936375807753130357e+04
2.718299999999999983e+01 2.502496654656487954e+04
2.753149999999999764e+01 2.812351246088866174e+04
2.787999999999999901e+01 2.299001972869921519e+04
2.822849999999999682e+01 2.369975934005240197e+04
2.857699999999999818e+01 2.302123727170276834e+04
2.892549999999999955e+01 2.297604215857047166e+04
2.927399999999999736e+01 2.336306659735637732e+04
2.962249999999999872e+01 2.259323738097190289e+04
2.997099999999999653e+01 2.128474728030481492e+04
3.031949999999999790e+01 1.905487892031882438e+04
3.066799999999999926e+01 2.055454189554270124e+04
3.101649999999999707e+01 1.994067902345867333e+04
3.136499999999999844e+01 2.167470461920039088e+04
3.171349999999999625e+01 2.098434446702978676e+04
3.206199999999999761e+01 2.080356148088481496e+04
3.241049999999999898e+01 1.916640341386353975e+04
3.275900000000000034e+01 1.949723141207951994e+04
3.310749999999999460e+01 1.873328483647972826e+04
3.345599999999999596e+01 2.043225667308600168e+04
3.380449999999999733e+01 2.147184025938288687e+04
3.415299999999999869e+01 2.222037746652761416e+04
3.450150000000000006e+01 1.997590496086658095e+04
3.484999999999999432e+01 2.067800959158011028e+04
3.519849999999999568e+01 1.814254950351364096e+04
3.554699999999999704e+01 1.835948243964834182e+04
3.589549999999999841e+01 1.819327675017639194e+04
3.624399999999999977e+01 2.004758215562936311e+04
3.659249999999999403e+01 1.918548636348034051e+04
3.694099999999999540e+01 1.995268332441738676e+04
3.728949999999999676e+01 2.129621858741113829e+04
3.763799999999999812e+01 2.052969177928844874e+04
3.798649999999999949e+01 2.038117060987713921e+04
3.833500000000000085e+01 2.041785620019442649e+04
3.868349999999999511e+01 2.067116802086250391e+04
3.903199999999999648e+01 1.920755777746483363e+04
3.938049999999999784e+01 1.959564525502266042e+04
3.972899999999999920e+01 1.876712058834151685e+04
4.007750000000000057e+01 1.923096379241886825e+04
4.042599999999999483e+01 1.760806941477816508e+04
4.077449999999999619e+01 1.841197077429050114e+04
4.112299999999999756e+01 1.892472122196708369e+04
4.147149999999999892e+01 1.845145708646427011e+04
4.182000000000000028e+01 1.884365706786178635e+04
4.216849999999999454e+01 2.515600160611236424e+04
4.251699999999999591e+01 2.517765001960629525e+04
4.286549999999999727e+01 1.991867680018668761e+04
4.321399999999999864e+01 1.946169885411861833e+04
4.356250000000000000e+01 1.844305303761674440e+04
4.391099999999999426e+01 1.967298868414804383e+04
4.425949999999999562e+01 2.109333192405124282e+04
4.460799999999999699e+01 1.953236871086778046e+04
4.495649999999999835e+01 2.465739298649342163e+04
4.530499999999999972e+01 1.904306693950541376e+04
4.565349999999999397e+01 2.115284384112096086e+04
4.600199999999999534e+01 2.047103288486586825e+04
4.635049999999999670e+01 2.091610761275771802e+04
4.669899999999999807e+01 2.031692036266452487e+04
4.704749999999999943e+01 2.694393910494147349e+04
4.739599999999999369e+01 2.870382882585207699e+04
4.774449999999999505e+01 2.363626299186218966e+04
4.809299999999999642e+01 2.529963833958211035e+04
4.844149999999999778e+01 2.007110335849287731e+04
4.878999999999999915e+01 2.229519962274939826e+04
4.913849999999999341e+01 2.075011082728474867e+04
4.948699999999999477e+01 2.128397532239141219e+04
4.983549999999999613e+01 1.985021849901401583e+04
5.018399999999999750e+01 2.019220736149750155e+04
5.053249999999999886e+01 2.323706288688931454e+04
5.088099999999999312e+01 2.259687700476814280e+04
5.122949999999999449e+01 2.064154916835085533e+04
5.157799999999999585e+01 1.887164538418390293e+04
5.192649999999999721e+01 1.787716931711996585e+04
5.227499999999999858e+01 2.012639227466990997e+04
5.262349999999999994e+01 1.899787702112478655e+04
5.297199999999999420e+01 1.894246578831729857e+04
5.332049999999999557e+01 1.834380210713407723e+04
5.366899999999999693e+01 1.933553639010321058e+04
5.401749999999999829e+01 1.835271396532369181e+04
5.436599999999999966e+01 1.758389587919207042e+04
5.471449999999999392e+01 1.651967746994848130e+04
5.506299999999999528e+01 1.767749287387464574e+04
5.541149999999999665e+01 1.587714550614718246e+04
5.575999999999999801e+01 1.690930066609409914e+04
5.610849999999999937e+01 1.807552093808587233e+04
5.645699999999999363e+01 1.826430609409451426e+04
5.680549999999999500e+01 2.205777264647579068e+04
5.715399999999999636e+01 1.654210291071805477e+04
5.750249999999999773e+01 1.563848208072768830e+04
5.785099999999999909e+01 1.642510276725479343e+04
5.819949999999999335e+01 1.545976059691263072e+04
5.854799999999999471e+01 1.562953962919532933e+04
5.889649999999999608e+01 1.515348747617379377e+04
5.924499999999999744e+01 1.512753789551822410e+04
5.959349999999999881e+01 1.512594696517458760e+04
5.994199999999999307e+01 1.448245640184876356e+04
6.029049999999999443e+01 1.557192957501282763e+04
6.063899999999999579e+01 1.619910137552049673e+04
6.098749999999999716e+01 1.649714712597774997e+04
6.133599999999999852e+01 1.515316074965912594e+04
6.168449999999999278e+01 1.599095513505690906e+04
6.203299999999999415e+01 1.710025382653894485e+04
6.238149999999999551e+01 1.585691285500952108e+04
6.272999999999999687e+01 1.602776632918733230e+04
6.307849999999999824e+01 1.595548014637093547e+04
6.342699999999999250e+01 1.462248642297475089e+04
6.377549999999999386e+01 1.478297392259847584e+04
6.412399999999999523e+01 1.367514033111066783e+04
6.447249999999999659e+01 1.551586290857789209e+04
6.482099999999999795e+01 1.618991579516179991e+04
6.516949999999999932e+01 1.475677469882900368e+04
6.551800000000000068e+01 1.490052371577628583e+04
6.586650000000000205e+01 1.662465344254311640e+04
6.621499999999998920e+01 1.539422236836243064e+04
6.656349999999999056e+01 1.626626474186504311e+04
6.691199999999999193e+01 1.507466366635668237e+04
6.726049999999999329e+01 1.451732093477421950e+04
6.760899999999999466e+01 1.484968651347372543e+04
6.795749999999999602e+01 1.704077698014504131e+04
6.830599999999999739e+01 1.649067699342115520e+04
6.865449999999999875e+01 1.763130759174521518e+04
6.900300000000000011e+01 1.678076443573109282e+04
6.935150000000000148e+01 1.715955325407529745e+04
6.969999999999998863e+01 1.792253755758758052e+04
7.004849999999999000e+01 2.096642077655036701e+04
7.039699999999999136e+01 1.835438973596264623e+04
7.074549999999999272e+01 1.800594914435107421e+04
7.109399999999999409e+01 1.943128490060067270e+04
7.144249999999999545e+01 1.860860072773538923e+04
7.179099999999999682e+01 1.952135891528403226e+04
7.213949999999999818e+01 2.230735873428637569e+04
7.248799999999999955e+01 2.214577357196470257e+04
7.283650000000000091e+01 1.878409665381059676e+04
7.318499999999998806e+01 1.881836064916436226e+04
7.353349999999998943e+01 2.595949138519749977e+04
7.388199999999999079e+01 1.929022058776741687e+04
7.423049999999999216e+01 2.516304302117291809e+04
7.457899999999999352e+01 2.651791826375435994e+04
7.492749999999999488e+01 2.729038956993854299e+04
7.527599999999999625e+01 2.896769392728800449e+04
7.562449999999999761e+01 3.079898705570400125e+04
7.597299999999999898e+01 4.666055929242623097e+04
7.632150000000000034e+01 4.640459984204779903e+04
7.667000000000000171e+01 9.810896145221244660e+04
7.701849999999998886e+01 2.719804846342768287e+05
7.736699999999999022e+01 9.588506369357653602e+04
7.771549999999999159e+01 7.901545173093628546e+04
7.806399999999999295e+01 5.066616549124833546e+04
7.841249999999999432e+01 3.294015282730293984e+04
7.876099999999999568e+01 3.432997904336936335e+04
7.910949999999999704e+01 3.434759718486265774e+04
7.945799999999999841e+01 2.448756476979981380e+04
7.980649999999999977e+01 2.335444254429482680e+04
8.015500000000000114e+01 2.261047249510607799e+04
8.050349999999998829e+01 2.132230279429957591e+04
8.085199999999998965e+01 1.769992904477615593e+04
8.120049999999999102e+01 2.023706446783009960e+04
8.154899999999999238e+01 2.227409254848393539e+04
8.189749999999999375e+01 1.916597696560739496e+04
8.224599999999999511e+01 1.727989894115747666e+04
8.259449999999999648e+01 1.881704822967843575e+04
8.294299999999999784e+01 1.814671158745425055e+04
8.329149999999999920e+01 1.717710660871106666e+04
8.364000000000000057e+01 1.800545798102215485e+04
8.398849999999998772e+01 1.529593743389501651e+04
8.433699999999998909e+01 1.603069561683595020e+04
8.468549999999999045e+01 1.788446773746453255e+04
8.503399999999999181e+01 1.398170200035372363e+04
8.538249999999999318e+01 1.319545070425814993e+04
8.573099999999999454e+01 1.624334224821593125e+04
8.607949999999999591e+01 1.512582139041391201e+04
8.642799999999999727e+01 1.492419439105273705e+04
8.677649999999999864e+01 1.322724444646592201e+04
8.712500000000000000e+01 1.407270044854837579e+04
8.747349999999998715e+01 1.342515949009375981e+04
8.782199999999998852e+01 1.489143305480491836e+04
8.817049999999998988e+01 1.363191420608207409e+04
8.851899999999999125e+01 1.266849176590947536e+04
8.886749999999999261e+01 1.237812397040286305e+04
8.921599999999999397e+01 1.379697261811081444e+04
8.956449999999999534e+01 1.289933904992997304e+04
8.991299999999999670e+01 1.264824381959698439e+04
9.026149999999999807e+01 1.287005077583174534e+04
9.060999999999999943e+01 1.160361727532964505e+04
9.095850000000000080e+01 1.281461969308699554e+04
9.130699999999998795e+01 1.272990697105999061e+04
9.165549999999998931e+01 1.251758986606107464e+04
9.200399999999999068e+01 1.358590215755632198e+04
9.235249999999999204e+01 1.348484346646712584e+04
9.270099999999999341e+01 1.214054384954910711e+04
9.304949999999999477e+01 1.171523592407554497e+04
9.339799999999999613e+01 1.430293254224724660e+04
9.374649999999999750e+01 1.345330843945297056e+04
9.409499999999999886e+01 1.402606349350060736e+04
9.444350000000000023e+01 1.319635261137107045e+04
9.479199999999998738e+01 1.248635739674840261e+04
9.514049999999998875e+01 1.246495398043002024e+04
9.548899999999999011e+01 1.134786135149373695e+04
9.583749999999999147e+01 1.202889033716156700e+04
9.618599999999999284e+01 1.220687158920319962e+04
9.653449999999999420e+01 1.157909469588579123e+04
9.688299999999999557e+01 1.301665704436324631e+04
9.723149999999999693e+01 1.313288670993759843e+04
9.757999999999999829e+01 1.285577703958916572e+04
9.792849999999999966e+01 1.283599216738655559e+04
9.827699999999998681e+01 1.322593417590348326e+04
9.862549999999998818e+01 1.365187788125654515e+04
9.897399999999998954e+01 1.254963885086125265e+04
9.932249999999999091e+01 1.273125017804821073e+04
9.967099999999999227e+01 1.239251580834070046e+04
1.000194999999999936e+02 1.263370613033764130e+04
1.003679999999999950e+02 1.536192096784239766e+04
1.007164999999999964e+02 1.346475764363987946e+04
1.010649999999999977e+02 1.375298508565536576e+04
1.014134999999999991e+02 1.318463727247352472e+04
1.017619999999999862e+02 1.347981303230476442e+04
1.021104999999999876e+02 1.295004391210967879e+04
1.024589999999999890e+02 1.336401006286764095e+04
1.028074999999999903e+02 1.076082832320589841e+04
1.031559999999999917e+02 1.128503707084709276e+04
1.035044999999999931e+02 1.329887547680414355e+04
1.038529999999999944e+02 1.250007586738645659e+04
1.042014999999999958e+02 1.209067048423374399e+04
1.045499999999999972e+02 1.242080337368089022e+04
1.048984999999999985e+02 1.225877675461247600e+04
1.052469999999999999e+02 1.215795117142382878e+04
1.055954999999999870e+02 1.178925513345321815e+04
1.059439999999999884e+02 1.139676032565966671e+04
1.062924999999999898e+02 1.162440723288511435e+04
1.066409999999999911e+02 1.196370679701942208e+04
1.069894999999999925e+02 1.118875824263073446e+04
1.073379999999999939e+02 1.151837585522394693e+04
1.076864999999999952e+02 1.218450247698130988e+04
1.080349999999999966e+02 1.140686499964043287e+04
1.083834999999999980e+02 1.174590298422795058e+04
1.087319999999999993e+02 1.227363620272842309e+04
1.090804999999999865e+02 1.255981245551599932e+04
1.094289999999999878e+02 1.070354900673627162e+04
1.097774999999999892e+02 1.069189412563220867e+04
1.101259999999999906e+02 1.075847147660205883e+04
1.104744999999999919e+02 1.120570554507251654e+04
1.108229999999999933e+02 1.195354397595635419e+04
1.111714999999999947e+02 1.183227538823458599e+04
1.115199999999999960e+02 1.152371269399190533e+04
1.118684999999999974e+02 1.206068102884998370e+04
1.122169999999999987e+02 1.154550465286384861e+04
1.125654999999999859e+02 1.022902199088727684e+04
1.129139999999999873e+02 1.208397497365404342e+04
1.132624999999999886e+02 1.445531813638434141e+04
1.136109999999999900e+02 1.248004729424746802e+04
1.139594999999999914e+02 1.148658031178498459e+04
1.143079999999999927e+02 1.123939532943526683e+04
1.146564999999999941e+02 1.143617197283463793e+04
1.150049999999999955e+02 1.200327941484812618e+04
1.153534999999999968e+02 1.191557934258733076e+04
1.157019999999999982e+02 1.230048628971668586e+04
1.160504999999999853e+02 1.151394019337791724e+04
1.163989999999999867e+02 1.130291432338519189e+04
1.167474999999999881e+02 1.146794630792302632e+04
1.170959999999999894e+02 1.035357356420274846e+04
1.174444999999999908e+02 1.128457624181228675e+04
1.177929999999999922e+02 1.054432852122093573e+04
1.181414999999999935e+02 1.082667168105654491e+04
1.184899999999999949e+02 1.156008224663942019e+04
1.188384999999999962e+02 1.081436391871093292e+04
1.191869999999999976e+02 1.110792483607176837e+04
1.195354999999999990e+02 1.171841064504593305e+04
1.198839999999999861e+02 1.123083581162608789e+04
1.202324999999999875e+02 1.111727110184541198e+04
1.205809999999999889e+02 1.173512906424037828e+04
1.209294999999999902e+02 1.069132177893319022e+04
1.212779999999999916e+02 1.149485180190919891e+04
1.216264999999999930e+02 1.170930291165276867e+04
1.219749999999999943e+02 1.187507109958422370e+04
1.223234999999999957e+02 1.112757001853225484e+04
1.226719999999999970e+02 1.141772383350966993e+04
1.230204999999999984e+02 1.055096431661389033e+04
1.233689999999999856e+02 1.125572444879859540e+04
1.237174999999999869e+02 1.003626281301580093e+04
1.240659999999999883e+02 1.219892381720475350e+04
1.244144999999999897e+02 1.183306528193233316e+04
1.247629999999999910e+02 1.088923997908909587e+04
1.251114999999999924e+02 1.140011967672308128e+04
1.254599999999999937e+02 1.030300343404056002e+04
1.258084999999999951e+02 1.060377069926068361e+04
1.261569999999999965e+02 1.058092015022920896e+04
1.265054999999999978e+02 1.114320017788098630e+04
1.268539999999999850e+02 1.068110986439364206e+04
1.272024999999999864e+02 1.076401748375568968e+04
1.275509999999999877e+02 1.112483680478589304e+04
1.278994999999999891e+02 1.083941871748071753e+04
1.282479999999999905e+02 1.163167629515152294e+04
1.285964999999999918e+02 1.177814117613877170e+04
1.289449999999999932e+02 1.080401810101765659e+04
1.292934999999999945e+02 1.095436546644161899e+04
1.296419999999999959e+02 1.058509575102144663e+04
1.299904999999999973e+02 1.111672518273031710e+04
1.303389999999999986e+02 1.214300512820614676e+04
1.306875000000000000e+02 1.141803807377924022e+04
1.310360000000000014e+02 1.172250747293642780e+04
1.313845000000000027e+02 1.104664327096660782e+04
1.317330000000000041e+02 1.151660126871276043e+04
1.320814999999999770e+02 1.143826862721832003e+04
1.324299999999999784e+02 1.098979860194325192e+04
1.327784999999999798e+02 9.938040924375132818e+03
1.331269999999999811e+02 1.115253830670565549e+04
1.334754999999999825e+02 1.056869619648242769e+04
1.338239999999999839e+02 1.037806459485798769e+04
1.341724999999999852e+02 9.952790119430352206e+03
1.345209999999999866e+02 9.723546091697789961e+03
1.348694999999999879e+02 1.070713704495921957e+04
1.352179999999999893e+02 1.043520564833659591e+04
1.355664999999999907e+02 9.537310818231970188e+03
1.359149999999999920e+02 1.074213416191068791e+04
1.362634999999999934e+02 9.815234635696335317e+03
1.366119999999999948e+02 9.991996166864217230e+03
1.369604999999999961e+02 9.784294392988524123e+03
1.373089999999999975e+02 1.027848549489312609e+04
1.376574999999999989e+02 1.081551314654876296e+04
1.380060000000000002e+02 1.040939174950153756e+04
1.383545000000000016e+02 1.018401099986140434e+04
1.387030000000000030e+02 1.079595798868034217e+04
1.390515000000000043e+02 1.081919849984884422e+04
1.393999999999999773e+02 1.023730169440481950e+04
1.397484999999999786e+02 9.975584613064896985e+03
1.400969999999999800e+02 1.044612812548336296e+04
1.404454999999999814e+02 1.084374128530894632e+04
1.407939999999999827e+02 9.451335244162346498e+03
1.411424999999999841e+02 9.311163954927573286e+03
1.414909999999999854e+02 1.048636311653347730e+04
1.418394999999999868e+02 1.070609226701358057e+04
1.421879999999999882e+02 1.115300679166153714e+04
1.425364999999999895e+02 1.042543318193166488e+04
1.428849999999999909e+02 1.029447763852857861e+04
1.432334999999999923e+02 1.032792782043393345e+04
1.435819999999999936e+02 1.088713455646636066e+04
1.439304999999999950e+02 1.040987417090577765e+04
1.442789999999999964e+02 1.051797373740866169e+04
1.446274999999999977e+02 1.030415614561267103e+04
1.449759999999999991e+02 9.793408187375975103e+03
1.453245000000000005e+02 1.060417806564061539e+04
1.456730000000000018e+02 1.171251208841983680e+04
1.460215000000000032e+02 1.070719321140296597e+04
1.463699999999999761e+02 1.051227584383838985e+04
1.467184999999999775e+02 1.183052799320753911e+04
1.470669999999999789e+02 1.233408059108044654e+04
1.474154999999999802e+02 1.145128191933119342e+04
1.477639999999999816e+02 1.178833083263205299e+04
1.481124999999999829e+02 1.123710989021217756e+04
1.484609999999999843e+02 1.048655121727383630e+04
1.488094999999999857e+02 1.266133112738476848e+04
1.491579999999999870e+02 1.700451537144689064e+04
1.495064999999999884e+02 1.228575488380133174e+04
1.498549999999999898e+02 1.262877682849261691e+04
1.502034999999999911e+02 1.507224487570690690e+04
1.505519999999999925e+02 1.618864739872434620e+04
1.509004999999999939e+02 1.341828471470042314e+04
1.512489999999999952e+02 2.040492368844189696e+04
1.515974999999999966e+02 1.525266399565137181e+04
1.519459999999999980e+02 2.235726127748993531e+04
1.522944999999999993e+02 2.173091720372220152e+04
1.526430000000000007e+02 2.011728910678893953e+04
1.529915000000000020e+02 2.915088075488839604e+04
1.533400000000000034e+02 2.954578211597050176e+04
1.536884999999999764e+02 7.106755498085386353e+04
1.540369999999999777e+02 1.330740581455369538e+05
1.543854999999999791e+02 5.446491236820906488e+04
1.547339999999999804e+02 6.726317779671947937e+04
1.550824999999999818e+02 4.026105547010445298e+04
1.554309999999999832e+02 3.243407731327614601e+04
1.557794999999999845e+02 2.807304919255873756e+04
1.561279999999999859e+02 2.732749035420861037e+04
1.564764999999999873e+02 2.576801949977399636e+04
1.568249999999999886e+02 2.014077956787875155e+04
1.571734999999999900e+02 1.996667528049161410e+04
1.575219999999999914e+02 1.665100310611841633e+04
1.578704999999999927e+02 1.467514565646032497e+04
1.582189999999999941e+02 1.583339040118483717e+04
1.585674999999999955e+02 1.698351829718084264e+04
1.589159999999999968e+02 1.442007292317004067e+04
1.592644999999999982e+02 1.471963929692341117e+04
1.596129999999999995e+02 1.340472062444703806e+04
1.599615000000000009e+02 1.242947250318961233e+04
1.603100000000000023e+02 1.322057357452268479e+04
1.606584999999999752e+02 1.070169456822398206e+04
1.610069999999999766e+02 1.163649973781576955e+04
1.613554999999999779e+02 1.217658816807595031e+04
1.617039999999999793e+02 1.205271784643082174e+04
1.620524999999999807e+02 9.890746238509262184e+03
1.624009999999999820e+02 9.747060623425144513e+03
1.627494999999999834e+02 1.143119626150610384e+04
1.630979999999999848e+02 1.056554396334610101e+04
1.634464999999999861e+02 9.839334756476035182e+03
1.637949999999999875e+02 1.009550228117178631e+04
1.641434999999999889e+02 9.766476046301484530e+03
1.644919999999999902e+02 9.356939233583902023e+03
1.648404999999999916e+02 1.018217990702521638e+04
1.651889999999999930e+02 9.572870515199379952e+03
1.655374999999999943e+02 9.348429051746979894e+03
1.658859999999999957e+02 9.245507027625326373e+03
1.662344999999999970e+02 9.216552237148533095e+03
1.665829999999999984e+02 8.824126959455321412e+03
1.669314999999999998e+02 9.335015203119019134e+03
1.672800000000000011e+02 8.844969077479729094e+03
1.676285000000000025e+02 8.776471685002705271e+03
1.679769999999999754e+02 9.146182230937230997e+03
1.683254999999999768e+02 9.635422393649019796e+03
1.686739999999999782e+02 8.727189142788784011e+03
1.690224999999999795e+02 1.016109683502931694e+04
1.693709999999999809e+02 9.882889637481219324e+03
1.697194999999999823e+02 9.182140928263615933e+03
1.700679999999999836e+02 1.031893751567061372e+04
1.704164999999999850e+02 9.981479975156502405e+03
1.707649999999999864e+02 9.167520746644846440e+03
1.711134999999999877e+02 9.627888265014853459e+03
1.714619999999999891e+02 1.003075404964684640e+04
1.718104999999999905e+02 9.244533611710285186e+03
1.721589999999999918e+02 9.383025179358590321e+03
1.725074999999999932e+02 8.660393787574672388e+03
1.728559999999999945e+02 9.264343568269967363e+03
1.732044999999999959e+02 8.467727580823939206e+03
1.735529999999999973e+02 8.452282942497080512e+03
1.739014999999999986e+02 9.402267948760552827e+03
1.742500000000000000e+02 9.023776412288098072e+03
1.745985000000000014e+02 9.629711326634151192e+03
1.749469999999999743e+02 8.934018373008226263e+03
1.752954999999999757e+02 9.171676728450969676e+03
1.756439999999999770e+02 8.896469039689836791e+03
1.759924999999999784e+02 8.896526332606457800e+03
1.763409999999999798e+02 9.040160439697865513e+03
1.766894999999999811e+02 9.186484986690740698e+03
1.770379999999999825e+02 8.727046121641458740e+03
1.773864999999999839e+02 1.007261689680726158e+04
1.777349999999999852e+02 8.676549174212144862e+03
1.780834999999999866e+02 9.328969525455973780e+03
1.784319999999999879e+02 8.935904969058470670e+03
1.787804999999999893e+02 9.632418785134177597e+03
1.791289999999999907e+02 9.270360932715482704e+03
1.794774999999999920e+02 9.555263376041008087e+03
1.798259999999999934e+02 8.590801925924170064e+03
1.801744999999999948e+02 9.167993946555661751e+03
1.805229999999999961e+02 9.549341268757845683e+03
1.808714999999999975e+02 9.053744224336547632e+03
1.812199999999999989e+02 8.638650545951104505e+03
1.815685000000000002e+02 9.113103568177126363e+03
1.819170000000000016e+02 9.045523165532220446e+03
1.822654999999999745e+02 9.086784764298081427e+03
1.826139999999999759e+02 8.749911099473361901e+03
1.829624999999999773e+02 8.309059549522109592e+03
1.833109999999999786e+02 8.311035902315648855e+03
1.836594999999999800e+02 8.945229372241410601e+03
1.840079999999999814e+02 8.348081788901879918e+03
1.843564999999999827e+02 8.459157077658621347e+03
1.847049999999999841e+02 8.496747289723578433e+03
1.850534999999999854e+02 8.372365536569415781e+03
1.854019999999999868e+02 8.230796243460612459e+03
1.857504999999999882e+02 8.839445083410992083e+03
1.860989999999999895e+02 8.139162802779971571e+03
1.864474999999999909e+02 8.595593661193050139e+03
1.867959999999999923e+02 8.448611137013454936e+03
1.871444999999999936e+02 8.607385986239749400e+03
1.874929999999999950e+02 8.320739558028675674e+03
1.878414999999999964e+02 8.265706943160954324e+03
1.881899999999999977e+02 8.679412377551541795e+03
1.885384999999999991e+02 8.879854351844041958e+03
1.888870000000000005e+02 8.449047104232769925e+03
1.892354999999999734e+02 9.094863844280334888e+03
1.895839999999999748e+02 8.295447704678781520e+03
1.899324999999999761e+02 8.236467117056985444e+03
1.902809999999999775e+02 8.272125695470062055e+03
1.906294999999999789e+02 8.810609851616985907e+03
1.909779999999999802e+02 8.798480645599162017e+03
1.913264999999999816e+02 8.616927790269235629e+03
1.916749999999999829e+02 8.745223730133076970e+03
1.920234999999999843e+02 8.530000343908417562e+03
1.923719999999999857e+02 8.823076484414985316e+03
1.927204999999999870e+02 8.695549619739080299e+03
1.930689999999999884e+02 8.433616911529468780e+03
1.934174999999999898e+02 8.862568455108732451e+03
1.937659999999999911e+02 8.967531503213360338e+03
1.941144999999999925e+02 7.895500336333303494e+03
1.944629999999999939e+02 8.530128514614512824e+03
1.948114999999999952e+02 8.313438565847989594e+03
1.951599999999999966e+02 8.542017361825599437e+03
1.955084999999999980e+02 9.036297979120619857e+03
1.958569999999999993e+02 8.725454468875785096e+03
1.962055000000000007e+02 8.526350429147345494e+03
1.965539999999999736e+02 8.109778029629645971e+03
1.969024999999999750e+02 8.596046799419367744e+03
1.972509999999999764e+02 8.569321042041408873e+03
1.975994999999999777e+02 8.307537520285648498e+03
1.979479999999999791e+02 8.284735645378314075e+03
1.982964999999999804e+02 8.560437854039442755e+03
1.986449999999999818e+02 8.262116132414419553e+03
1.989934999999999832e+02 8.319576780142486314e+03
1.993419999999999845e+02 9.252951522424973518e+03
1.996904999999999859e+02 8.405563722169641551e+03
2.000389999999999873e+02 8.366996798808573658e+03
2.003874999999999886e+02 8.436817907122964243e+03
2.007359999999999900e+02 8.099746683836607190e+03
2.010844999999999914e+02 8.359132128375911634e+03
2.014329999999999927e+02 8.158226588322766474e+03
2.017814999999999941e+02 7.547172399804083398e+03
2.021299999999999955e+02 7.821498382266007866e+03
2.024784999999999968e+02 8.397592534541461646e+03
2.028269999999999982e+02 7.891766518702467692e+03
2.031754999999999995e+02 8.014117547475135325e+03
2.035239999999999725e+02 8.260426396991229922e+03
2.038724999999999739e+02 8.935547803373634451e+03
2.042209999999999752e+02 8.259427685621461933e+03
2.045694999999999766e+02 8.724713869633984359e+03
2.049179999999999779e+02 8.236205337341376435e+03
2.052664999999999793e+02 8.044252721625459344e+03
2.056149999999999807e+02 8.391433728913829327e+03
2.059634999999999820e+02 8.106548721451733400e+03
2.063119999999999834e+02 8.671559206863325016e+03
2.066604999999999848e+02 8.206667379759710457e+03
2.070089999999999861e+02 8.555645674939636592e+03
2.073574999999999875e+02 9.266242599521352531e+03
2.077059999999999889e+02 8.659826662391502396e+03
2.080544999999999902e+02 8.839407108672799950e+03
2.084029999999999916e+02 8.886184764476929558e+03
2.087514999999999930e+02 9.114138053514709100e+03
2.090999999999999943e+02 9.033450718820135080e+03
2.094484999999999957e+02 8.259680015437117618e+03
2.097969999999999970e+02 8.209801686370028619e+03
2.101454999999999984e+02 8.683222727915066571e+03
2.104939999999999998e+02 8.005755903964335630e+03
2.108424999999999727e+02 8.702987064150178412e+03
2.111909999999999741e+02 7.848077740938969328e+03
2.115394999999999754e+02 7.263670614501864293e+03
2.118879999999999768e+02 8.108645305143671976e+03
2.122364999999999782e+02 8.159517266248640226e+03
2.125849999999999795e+02 8.030182101904942101e+03
2.129334999999999809e+02 8.116499380797022241e+03
2.132819999999999823e+02 7.985554440250941298e+03
2.136304999999999836e+02 7.899410701062043699e+03
2.139789999999999850e+02 7.859826195445552003e+03
2.143274999999999864e+02 8.862798609262747050e+03
2.146759999999999877e+02 8.928912030198545835e+03
2.150244999999999891e+02 7.858647829473112324e+03
2.153729999999999905e+02 7.590700246585281093e+03
2.157214999999999918e+02 8.615751019048875605e+03
2.160699999999999932e+02 8.226407574175033005e+03
2.164184999999999945e+02 7.912364636210113531e+03
2.167669999999999959e+02 8.363425135588082412e+03
2.171154999999999973e+02 8.151969274819784914e+03
2.174639999999999986e+02 8.857088305583200054e+03
2.178124999999999716e+02 7.615216467369089514e+03
2.181609999999999729e+02 7.799582193948795066e+03
2.185094999999999743e+02 7.683324508440143290e+03
2.188579999999999757e+02 8.699620383382174623e+03
2.192064999999999770e+02 8.435082756349467672e+03
2.195549999999999784e+02 8.441651052641067508e+03
2.199034999999999798e+02 8.672838428665287211e+03
2.202519999999999811e+02 7.843912597349859425e+03
2.206004999999999825e+02 8.244046238239137892e+03
2.209489999999999839e+02 8.104377232944146272e+03
2.212974999999999852e+02 8.710022118589529782e+03
2.216459999999999866e+02 8.343348790600370194e+03
2.219944999999999879e+02 8.076963444447934307e+03
2.223429999999999893e+02 8.194837191132748558e+03
2.226914999999999907e+02 9.650847538887226619e+03
2.230399999999999920e+02 8.302532631076001053e+03
2.233884999999999934e+02 7.988321971600932557e+03
2.237369999999999948e+02 9.306196552601122676e+03
2.240854999999999961e+02 9.074135059764867037e+03
2.244339999999999975e+02 9.478842373343670261e+03
2.247824999999999989e+02 8.823375476900211652e+03
2.251309999999999718e+02 8.464173413933714983e+03
2.254794999999999732e+02 8.262996848483629947e+03
2.258279999999999745e+02 9.105522367556088284e+03
2.261764999999999759e+02 1.305710351522418750e+04
2.265249999999999773e+02 1.050216730492943680e+04
2.268734999999999786e+02 9.494747328407209352e+03
2.272219999999999800e+02 1.277093609730009484e+04
2.275704999999999814e+02 1.242585295305585350e+04
2.279189999999999827e+02 1.168456404718854355e+04
2.282674999999999841e+02 1.605217411109458408e+04
2.286159999999999854e+02 1.214440543241163141e+04
2.289644999999999868e+02 1.745450399259049300e+04
2.293129999999999882e+02 1.434700016319339557e+04
2.296614999999999895e+02 1.692556951779330848e+04
2.300099999999999909e+02 2.668624934634220335e+04
2.303584999999999923e+02 1.917082866929857482e+04
2.307069999999999936e+02 5.370298950793673430e+04
2.310554999999999950e+02 7.208646701103680243e+04
2.314039999999999964e+02 3.017934630099997594e+04
2.317524999999999977e+02 4.907340960844241636e+04
2.321009999999999707e+02 3.954307742163658986e+04
2.324494999999999720e+02 3.256113443571872267e+04
2.327979999999999734e+02 2.400007347578172266e+04
2.331464999999999748e+02 1.860716623235434963e+04
2.334949999999999761e+02 2.445902214158418792e+04
2.338434999999999775e+02 1.848875051244724455e+04
2.341919999999999789e+02 2.030330579085148202e+04
2.345404999999999802e+02 1.553293458496252606e+04
2.348889999999999816e+02 1.878297536332007439e+04
2.352374999999999829e+02 1.782751431251563554e+04
2.355859999999999843e+02 1.594176883483222446e+04
2.359344999999999857e+02 1.438786449370704213e+04
2.362829999999999870e+02 1.445456332458084580e+04
2.366314999999999884e+02 1.121276457312545062e+04
2.369799999999999898e+02 1.106810058223993838e+04
2.373284999999999911e+02 1.109762356801664282e+04
2.376769999999999925e+02 1.044345341837340493e+04
2.380254999999999939e+02 1.045586190843817167e+04
2.383739999999999952e+02 1.052406669190795947e+04
2.387224999999999966e+02 9.840908400493228328e+03
2.390709999999999980e+02 8.850987221708328434e+03
2.394194999999999709e+02 9.159516070324709290e+03
2.397679999999999723e+02 9.415281527804152574e+03
2.401164999999999736e+02 8.490220497620884998e+03
2.404649999999999750e+02 8.191726568388251508e+03
2.408134999999999764e+02 8.171716226676851875e+03
2.411619999999999777e+02 8.257812919779305957e+03
2.415104999999999791e+02 8.172538444982286819e+03
2.418589999999999804e+02 7.687188940717598598e+03
2.422074999999999818e+02 8.025070990618568430e+03
2.425559999999999832e+02 8.104651520362967858e+03
2.429044999999999845e+02 7.934462134667682221e+03
2.432529999999999859e+02 7.731492637764054962e+03
2.436014999999999873e+02 7.595908991011368016e+03
2.439499999999999886e+02 7.689222726114358920e+03
2.442984999999999900e+02 7.586482794169227418e+03
2.446469999999999914e+02 7.667597937484435533e+03
2.449954999999999927e+02 7.345734961426861446e+03
2.453439999999999941e+02 8.044048584610603939e+03
2.456924999999999955e+02 7.253878566524807866e+03
2.460409999999999968e+02 7.896023389595689878e+03
2.463894999999999698e+02 7.546536732664881129e+03
2.467379999999999711e+02 7.602440221030940847e+03
2.470864999999999725e+02 8.205029640639570061e+03
2.474349999999999739e+02 7.908630860391618626e+03
2.477834999999999752e+02 7.278729887803573547e+03
2.481319999999999766e+02 7.995786543706080920e+03
2.484804999999999779e+02 8.112322229398327181e+03
2.488289999999999793e+02 7.462396457672656652e+03
2.491774999999999807e+02 7.238273409265535520e+03
2.495259999999999820e+02 7.297858315713158845e+03
2.498744999999999834e+02 7.288719122184796106e+03
2.502229999999999848e+02 7.278731215516758311e+03
2.505714999999999861e+02 6.985226579210191630e+03
2.509199999999999875e+02 7.211503461015770881e+03
2.512684999999999889e+02 7.663345444469473478e+03
2.516169999999999902e+02 7.498356801445650490e+03
2.519654999999999916e+02 7.577279312715037122e+03
2.523139999999999930e+02 7.402630726202231017e+03
2.526624999999999943e+02 7.396667622847623534e+03
2.530109999999999957e+02 7.705867024098230104e+03
2.533594999999999970e+02 7.442880579327906162e+03
2.537079999999999700e+02 7.561184194587358434e+03
2.540564999999999714e+02 7.354227138998539886e+03
2.544049999999999727e+02 7.844071134722321403e+03
2.547534999999999741e+02 7.555175931467522787e+03
2.551019999999999754e+02 7.827320381057954364e+03
2.554504999999999768e+02 7.613108557429922257e+03
2.557989999999999782e+02 7.694154830443748324e+03
2.561474999999999795e+02 7.961356428027798756e+03
2.564959999999999809e+02 8.038681093557532222e+03
2.568444999999999823e+02 7.460452324989390945e+03
2.571929999999999836e+02 7.501805157681183118e+03
2.575414999999999850e+02 7.500249081191589539e+03
2.578899999999999864e+02 7.542234743016921129e+03
2.582384999999999877e+02 7.669553049195712447e+03
2.585869999999999891e+02 7.535908459070713434e+03
2.589354999999999905e+02 7.593541459995345576e+03
2.592839999999999918e+02 7.516360643635143788e+03
2.596324999999999932e+02 7.521815512273728018e+03
2.599809999999999945e+02 6.887922845607036834e+03
2.603294999999999959e+02 6.874635932346529444e+03
2.606779999999999973e+02 7.233051609350507533e+03
2.610264999999999986e+02 7.037424788496906331e+03
2.613750000000000000e+02 6.847009524377495836e+03
2.617235000000000014e+02 7.097654167967115427e+03
2.620720000000000027e+02 6.919730311494408852e+03
2.624205000000000041e+02 7.204603126047152728e+03
2.627690000000000055e+02 7.251315822280944303e+03
2.631175000000000068e+02 6.809514904815442605e+03
2.634660000000000082e+02 7.126715886876930199e+03
2.638145000000000095e+02 6.640162991247808350e+03
2.641629999999999541e+02 7.367212983339829407e+03
2.645114999999999554e+02 6.967550855700957072e+03
2.648599999999999568e+02 7.012397815431840172e+03
2.652084999999999582e+02 7.396882372449026661e+03
2.655569999999999595e+02 7.385489272815893855e+03
2.659054999999999609e+02 6.930855889725142333e+03
2.662539999999999623e+02 7.254359164195871017e+03
2.666024999999999636e+02 7.172474936347894982e+03
2.669509999999999650e+02 7.382715362671225193e+03
2.672994999999999663e+02 7.295673377686800450e+03
2.676479999999999677e+02 7.080974591119374054e+03
2.679964999999999691e+02 6.818702979704484278e+03
2.683449999999999704e+02 7.250891849563648066e+03
2.686934999999999718e+02 6.912725144272045327e+03
2.690419999999999732e+02 6.759387799411979358e+03
2.693904999999999745e+02 7.469180540647104863e+03
2.697389999999999759e+02 7.221986058934299763e+03
2.700874999999999773e+02 7.032745450723178692e+03
2.704359999999999786e+02 7.460946261106374550e+03
2.707844999999999800e+02 7.045707925952810001e+03
2.711329999999999814e+02 7.013934348853809752e+03
2.714814999999999827e+02 6.971241660186090485e+03
2.718299999999999841e+02 7.102998355949562210e+03
2.721784999999999854e+02 7.157139454852896051e+03
2.725269999999999868e+02 7.081956905371265748e+03
2.728754999999999882e+02 6.905422156633870145e+03
2.732239999999999895e+02 7.032696126626676232e+03
2.735724999999999909e+02 6.990180287338985181e+03
2.739209999999999923e+02 6.853267868686768452e+03
2.742694999999999936e+02 7.189081541744844799e+03
2.746179999999999950e+02 7.351524856794901098e+03
2.749664999999999964e+02 6.927073499293655914e+03
2.753149999999999977e+02 6.934456811092313728e+03
2.756634999999999991e+02 1.053148356797645283e+04
2.760120000000000005e+02 6.994714273792909808e+03
2.763605000000000018e+02 7.522608166113864172e+03
2.767090000000000032e+02 7.061668138564157744e+03
2.770575000000000045e+02 7.316630502231333594e+03
2.774060000000000059e+02 7.276801058427995486e+03
2.777545000000000073e+02 7.205604592716883417e+03
2.781030000000000086e+02 7.214276672001596125e+03
2.784514999999999532e+02 7.244787894434792179e+03
2.787999999999999545e+02 7.329895121570241827e+03
2.791484999999999559e+02 6.600358503284367544e+03
2.794969999999999573e+02 6.610100326293156286e+03
2.798454999999999586e+02 6.756906805748072657e+03
2.801939999999999600e+02 6.921456106578167237e+03
2.805424999999999613e+02 7.052482513574259428e+03
2.808909999999999627e+02 7.147217442691744509e+03
2.812394999999999641e+02 6.983641502813907209e+03
2.815879999999999654e+02 7.701730492863010113e+03
2.819364999999999668e+02 7.113996361140990302e+03
2.822849999999999682e+02 7.176567207144763415e+03
2.826334999999999695e+02 6.904791858859021886e+03
2.829819999999999709e+02 7.114849962087345375e+03
2.833304999999999723e+02 6.771414561544588651e+03
2.836789999999999736e+02 6.916015571758623992e+03
2.840274999999999750e+02 7.431048560464719230e+03
2.843759999999999764e+02 7.720751263403381927e+03
2.847244999999999777e+02 7.508121713875885689e+03
2.850729999999999791e+02 7.483216412214248521e+03
2.854214999999999804e+02 7.141572722468636130e+03
2.857699999999999818e+02 7.895062262230303531e+03
2.861184999999999832e+02 7.645786663538225184e+03
2.864669999999999845e+02 7.355572223343376209e+03
2.868154999999999859e+02 6.792332208352961061e+03
2.871639999999999873e+02 6.810536396827014869e+03
2.875124999999999886e+02 6.886077963421143068e+03
2.878609999999999900e+02 7.314409889064881099e+03
2.882094999999999914e+02 6.773118371707540973e+03
2.885579999999999927e+02 6.789684636223379130e+03
2.889064999999999941e+02 6.769854548433047057e+03
2.892549999999999955e+02 6.986971073607178369e+03
2.896034999999999968e+02 7.293265560861674203e+03
2.899519999999999982e+02 7.274723929840964047e+03
2.903004999999999995e+02 6.615302149217946862e+03
2.906490000000000009e+02 6.726674430781360570e+03
2.909975000000000023e+02 6.937817115690306309e+03
2.913460000000000036e+02 7.063558813701467443e+03
2.916945000000000050e+02 7.245939396203167234e+03
2.920430000000000064e+02 6.696430641766155532e+03
2.923915000000000077e+02 6.766958178453301116e+03
2.927399999999999523e+02 7.258620016633001796e+03
2.930884999999999536e+02 6.549193983529166871e+03
2.934369999999999550e+02 7.106261626740797510e+03
2.937854999999999563e+02 6.641304380229357776e+03
2.941339999999999577e+02 6.818319291821016122e+03
2.944824999999999591e+02 7.695008161206300429e+03
2.948309999999999604e+02 7.008941061201030607e+03
2.951794999999999618e+02 7.040248332454239062e+03
2.955279999999999632e+02 6.516630910495308854e+03
2.958764999999999645e+02 7.194311382119034533e+03
2.962249999999999659e+02 6.985786036479057657e+03
2.965734999999999673e+02 7.085440704955052752e+03
2.969219999999999686e+02 7.498044111554045230e+03
2.972704999999999700e+02 7.248051013006279391e+03
2.976189999999999714e+02 7.202186857656096436e+03
2.979674999999999727e+02 6.890153153567657682e+03
2.983159999999999741e+02 7.268829702786569214e+03
2.986644999999999754e+02 7.411805628541515034e+03
2.990129999999999768e+02 7.147023432083453372e+03
2.993614999999999782e+02 6.753057205505917409e+03
2.997099999999999795e+02 8.202485770341800162e+03
3.000584999999999809e+02 7.628112690482352264e+03
3.004069999999999823e+02 7.433299488584018945e+03
3.007554999999999836e+02 7.392793535198071368e+03
3.011039999999999850e+02 7.246930241191186724e+03
3.014524999999999864e+02 8.510851510379456158e+03
3.018009999999999877e+02 8.187312409870445663e+03
3.021494999999999891e+02 7.432191431325950361e+03
3.024979999999999905e+02 7.670471831467555603e+03
3.028464999999999918e+02 7.845077298186536609e+03
3.031949999999999932e+02 1.023404076439578057e+04
3.035434999999999945e+02 9.267215272329807703e+03
3.038919999999999959e+02 8.398313446223170104e+03
3.042404999999999973e+02 1.084073278045696679e+04
3.045889999999999986e+02 9.686800901668440929e+03
3.049375000000000000e+02 1.047536090027327737e+04
3.052860000000000014e+02 1.180276761184037787e+04
3.056345000000000027e+02 1.106441161048665344e+04
3.059830000000000041e+02 1.275444928745482503e+04
3.063315000000000055e+02 1.061903847409652008e+04
3.066800000000000068e+02 1.472130324089899841e+04
3.070284999999999513e+02 2.241906442286977472e+04
3.073769999999999527e+02 1.612200141074316161e+04
3.077254999999999541e+02 3.562869512355589541e+04
3.080739999999999554e+02 4.231149617462499009e+04
3.084224999999999568e+02 1.888710843051085249e+04
3.087709999999999582e+02 3.031078919817818314e+04
3.091194999999999595e+02 2.988271097413568714e+04
3.094679999999999609e+02 2.774775076401923434e+04
3.098164999999999623e+02 1.988456117323438230e+04
3.101649999999999636e+02 1.662714079961274911e+04
3.105134999999999650e+02 2.356286504534623236e+04
3.108619999999999663e+02 2.153195965819014964e+04
3.112104999999999677e+02 2.173554030459797650e+04
3.115589999999999691e+02 1.600781433466267481e+04
3.119074999999999704e+02 2.607735919644120804e+04
3.122559999999999718e+02 2.292816684322427682e+04
3.126044999999999732e+02 1.629510901698647285e+04
3.129529999999999745e+02 1.707913008709347559e+04
3.133014999999999759e+02 1.395570424168937461e+04
3.136499999999999773e+02 9.676739159111808476e+03
3.139984999999999786e+02 1.047617494713406813e+04
3.143469999999999800e+02 1.005365228751287759e+04
3.146954999999999814e+02 1.018811396744011472e+04
3.150439999999999827e+02 9.755122938001157308e+03
3.153924999999999841e+02 1.007838641647404802e+04
3.157409999999999854e+02 9.530512590300497322e+03
3.160894999999999868e+02 8.622316395817822922e+03
3.164379999999999882e+02 8.704384317242054749e+03
3.167864999999999895e+02 8.958760932565615803e+03
3.171349999999999909e+02 7.937527731207785109e+03
3.174834999999999923e+02 7.431824672557360827e+03
3.178319999999999936e+02 7.276993300411902965e+03
3.181804999999999950e+02 7.943716953038937390e+03
3.185289999999999964e+02 7.654700067216983371e+03
3.188774999999999977e+02 7.043781278145579563e+03
3.192259999999999991e+02 6.979386206386408048e+03
3.195745000000000005e+02 7.061975749501804785e+03
3.199230000000000018e+02 7.235436047876833072e+03
3.202715000000000032e+02 7.146327249698584637e+03
3.206200000000000045e+02 7.030136875296933795e+03
3.209685000000000059e+02 6.838339415419038232e+03
3.213169999999999504e+02 6.792273201060455904e+03
3.216654999999999518e+02 6.934524847070346368e+03
3.220139999999999532e+02 6.935601017624673659e+03
3.223624999999999545e+02 7.183667488046783546e+03
3.227109999999999559e+02 6.691754256044476278e+03
3.230594999999999573e+02 7.268970797226057584e+03
3.234079999999999586e+02 6.828740730263630212e+03
3.237564999999999600e+02 7.017156558569219669e+03
3.241049999999999613e+02 7.043314048788662149e+03
3.244534999999999627e+02 6.768851780189664169e+03
3.248019999999999641e+02 7.070174202149787561e+03
3.251504999999999654e+02 7.135404191626403190e+03
3.254989999999999668e+02 7.342608060855958684e+03
3.258474999999999682e+02 6.845689556062984593e+03
3.261959999999999695e+02 6.591006995041850132e+03
3.265444999999999709e+02 6.740696442529458182e+03
3.268929999999999723e+02 6.511217985455803500e+03
3.272414999999999736e+02 6.708315839976554344e+03
3.275899999999999750e+02 6.340015951765128193e+03
3.279384999999999764e+02 6.424988519780645220e+03
3.282869999999999777e+02 6.708707925716574209e+03
3.286354999999999791e+02 6.708989088756171441e+03
3.289839999999999804e+02 6.762353715263094273e+03
3.293324999999999818e+02 6.694087347661469721e+03
3.296809999999999832e+02 6.772224408811932335e+03
3.300294999999999845e+02 6.660609096814248915e+03
3.303779999999999859e+02 6.465116183250192080e+03
3.307264999999999873e+02 6.724267252743221434e+03
3.310749999999999886e+02 6.953298559997842858e+03
3.314234999999999900e+02 7.049445260661968859e+03
3.317719999999999914e+02 6.810073422692830718e+03
3.321204999999999927e+02 7.692301617566879031e+03
3.324689999999999941e+02 9.989934642634922056e+03
3.328174999999999955e+02 7.252557419507273153e+03
3.331659999999999968e+02 7.043684024418363151e+03
3.335144999999999982e+02 6.812728711346409000e+03
3.338629999999999995e+02 7.125222554428897638e+03
3.342115000000000009e+02 7.265000669377903250e+03
3.345600000000000023e+02 6.782305441941172830e+03
3.349085000000000036e+02 6.992786423436357836e+03
3.352570000000000050e+02 7.004274368490290726e+03
3.356054999999999495e+02 7.013136659216529551e+03
3.359539999999999509e+02 6.664736116327359923e+03
3.363024999999999523e+02 6.716187894094455260e+03
3.366509999999999536e+02 6.907322771279325934e+03
3.369994999999999550e+02 6.752606404661020861e+03
3.373479999999999563e+02 6.572893133805231628e+03
3.376964999999999577e+02 6.533713152604700554e+03
3.380449999999999591e+02 6.828013207187228545e+03
3.383934999999999604e+02 6.903444537871320790e+03
3.387419999999999618e+02 6.564429875018718121e+03
3.390904999999999632e+02 6.697266726572222979e+03
3.394389999999999645e+02 6.639045251394045408e+03
3.397874999999999659e+02 6.783496316380392273e+03
3.401359999999999673e+02 6.683047196850726323e+03
3.404844999999999686e+02 6.203251679923555457e+03
3.408329999999999700e+02 6.422575818315179276e+03
3.411814999999999714e+02 6.631800130711255406e+03
3.415299999999999727e+02 6.511973872982596731e+03
3.418784999999999741e+02 6.486201729691240871e+03
3.422269999999999754e+02 6.537342810971392282e+03
3.425754999999999768e+02 6.405000358746549864e+03
3.429239999999999782e+02 6.528702581030814144e+03
3.432724999999999795e+02 6.555714835003284861e+03
3.436209999999999809e+02 6.854507167912022851e+03
3.439694999999999823e+02 6.853839495470503607e+03
3.443179999999999836e+02 6.567356474773411719e+03
3.446664999999999850e+02 6.519789118486229199e+03
3.450149999999999864e+02 6.538848114273443571e+03
3.453634999999999877e+02 6.662786005625856887e+03
3.457119999999999891e+02 6.718871538899621555e+03
3.460604999999999905e+02 6.252850259677510621e+03
3.464089999999999918e+02 6.529512630834536139e+03
3.467574999999999932e+02 6.461030053953231800e+03
3.471059999999999945e+02 6.664242849451304210e+03
3.474544999999999959e+02 6.370384473107339545e+03
3.478029999999999973e+02 6.409397589918694393e+03
3.481514999999999986e+02 6.869271563980142673e+03
3.485000000000000000e+02 5.496412776412776111e+03
