 -4.91900648e-02 4.85692434e-05 -9.80451612e-01
 -9.84018673e-02 -5.81142106e-02 -8.89402596e-01
 9.87743923e-02 -5.66409043e-02 -8.90262230e-01
 -1.08310249e-01 4.99147609e-05 -9.01278093e-01
 1.08310249e-01 -4.99147558e-05 -9.01278093e-01
 -9.87743924e-02 5.66409043e-02 -8.90262230e-01
 9.84018673e-02 5.81142106e-02 -8.89402596e-01
 -1.15377839e-01 -7.37185187e-02 -8.36693820e-01
 1.15532653e-01 -7.19578723e-02 -8.38801724e-01
 -1.31404953e-01 -2.71343984e-03 -8.50650345e-01
 1.31404953e-01 2.71343985e-03 -8.50650345e-01
 -1.15532653e-01 7.19578724e-02 -8.38801724e-01
 1.15377839e-01 7.37185188e-02 -8.36693820e-01
 -9.94689943e-02 -1.30784522e-01 -7.53671844e-01
 9.92933897e-02 -1.30380852e-01 -7.55159917e-01
 -1.58568627e-01 -5.30344230e-02 -7.43433552e-01
 1.58581795e-01 -5.25629394e-02 -7.43924207e-01
 -1.63633930e-01 -1.22138885e-04 -7.56030922e-01
 1.63633930e-01 1.22138833e-04 -7.56030922e-01
 -1.58581795e-01 5.25629394e-02 -7.43924207e-01
 1.58568627e-01 5.30344230e-02 -7.43433552e-01
 9.94689943e-02 1.30784522e-01 -7.53671844e-01
 -1.08591207e-01 -1.44336839e-01 -6.91373435e-01
 1.09289066e-01 -1.43632068e-01 -6.91962183e-01
 -1.71903518e-01 -6.09194091e-02 -6.83964982e-01
 1.71880913e-01 -6.09865651e-02 -6.83960122e-01
 -1.80867437e-01 2.84933297e-05 -6.90356073e-01
 1.80867437e-01 -2.84933628e-05 -6.90356073e-01
 -1.71880913e-01 6.09865651e-02 -6.83960122e-01
 1.71903518e-01 6.09194090e-02 -6.83964982e-01
 -1.09289066e-01 1.43632068e-01 -6.91962183e-01
 1.08591207e-01 1.44336839e-01 -6.91373435e-01
 1.13355636e-01 -1.56914831e-01 -6.32812586e-01
 -1.85101021e-01 -6.58626919e-02 -6.18381341e-01
 1.85198480e-01 -6.54410371e-02 -6.18630662e-01
 -1.94760107e-01 -8.95480367e-05 -6.26973591e-01
 1.94760107e-01 8.95480243e-05 -6.26973591e-01
 -1.85198480e-01 6.54410371e-02 -6.18630662e-01
 -1.13355636e-01 1.56914831e-01 -6.32812586e-01
 1.13101290e-01 1.57759519e-01 -6.30174990e-01
 -1.67232475e-01 -1.26904634e-01 -5.43006640e-01
 1.67702090e-01 -1.25394645e-01 -5.46292111e-01
 -1.95023239e-01 -7.08440125e-02 -5.57810892e-01
 1.95222910e-01 -7.03537220e-02 -5.57686210e-01
 2.04873137e-01 1.00462469e-04 -5.73089699e-01
 -1.95222910e-01 7.03537220e-02 -5.57686210e-01
 1.95023239e-01 7.08440125e-02 -5.57810892e-01
 -1.67702090e-01 1.25394645e-01 -5.46292111e-01
 1.67232475e-01 1.26904634e-01 -5.43006640e-01
 -1.72583366e-01 -1.36316559e-01 -4.75525432e-01
 -1.97282871e-01 -8.91724560e-02 -5.00043869e-01
 1.97334189e-01 -8.90082892e-02 -5.00187841e-01
 -2.21299852e-01 1.11275966e-04 -4.65211578e-01
 2.21299852e-01 -1.11276005e-04 -4.65211578e-01
 -1.97334189e-01 8.90082891e-02 -5.00187841e-01
 -1.72018988e-01 1.36450285e-01 -4.78176329e-01
 1.72583366e-01 1.36316559e-01 -4.75525432e-01
 -3.92094087e-02 2.14603955e-01 -4.88389434e-01
 3.92467235e-02 2.14671165e-01 -4.87868597e-01
 -1.01169826e-01 -2.05283549e-01 -4.02459054e-01
 1.01383093e-01 -2.04940594e-01 -4.04392313e-01
 -1.78603293e-01 -1.41822363e-01 -4.09629711e-01
 1.78592911e-01 -1.41485602e-01 -4.11560865e-01
 -2.23524104e-01 -5.09324115e-02 -3.98855653e-01
 2.23440590e-01 -5.07166208e-02 -4.00042544e-01
 -2.28048835e-01 -2.29784946e-04 -4.09754582e-01
 2.28048835e-01 2.29784943e-04 -4.09754582e-01
 -2.23440590e-01 5.07166208e-02 -4.00042544e-01
 2.23524104e-01 5.09324114e-02 -3.98855653e-01
 -1.78592911e-01 1.41485602e-01 -4.11560865e-01
 1.78603293e-01 1.41822363e-01 -4.09629711e-01
 -1.01383093e-01 2.04940594e-01 -4.04392313e-01
 1.01169826e-01 2.05283549e-01 -4.02459054e-01
 -1.04443836e-01 -2.10759550e-01 -3.38748219e-01
 1.04657183e-01 -2.10553038e-01 -3.39747956e-01
 -1.83754750e-01 -1.46601216e-01 -3.40406235e-01
 1.83611821e-01 -1.46651040e-01 -3.41295685e-01
 -2.28489296e-01 -5.77795679e-02 -3.33566500e-01
 2.28434890e-01 -5.76231636e-02 -3.34594011e-01
 -2.35061162e-01 6.54998630e-05 -3.40499534e-01
 2.35061162e-01 -6.54998744e-05 -3.40499534e-01
 -2.28434890e-01 5.76231636e-02 -3.34594011e-01
 -1.83611821e-01 1.46651040e-01 -3.41295685e-01
 1.83754750e-01 1.46601216e-01 -3.40406235e-01
 -1.04657183e-01 2.10553038e-01 -3.39747956e-01
 1.04443836e-01 2.10759550e-01 -3.38748219e-01
 -1.09132871e-01 -2.14617014e-01 -2.69207843e-01
 1.09284207e-01 -2.14496669e-01 -2.69759635e-01
 -1.87698634e-01 -1.50546020e-01 -2.71444090e-01
 1.87831100e-01 -1.50313033e-01 -2.72043230e-01
 -2.33277975e-01 -6.01487767e-02 -2.67238046e-01
 2.33265213e-01 -6.00449889e-02 -2.67789158e-01
 -2.40667979e-01 -3.35476970e-05 -2.70670955e-01
 -2.33265213e-01 6.00449889e-02 -2.67789158e-01
 2.33277975e-01 6.01487766e-02 -2.67238046e-01
 -1.87831100e-01 1.50313033e-01 -2.72043230e-01
 1.87698634e-01 1.50546020e-01 -2.71444090e-01
 -1.09284207e-01 2.14496669e-01 -2.69759635e-01
 1.09132871e-01 2.14617014e-01 -2.69207843e-01
 -1.13110013e-01 -2.17348164e-01 -1.98631341e-01
 1.13529493e-01 -2.17118837e-01 -1.98815083e-01
 -1.90532649e-01 -1.53784629e-01 -2.01894932e-01
 1.90669976e-01 -1.53565521e-01 -2.02488170e-01
 -2.36887027e-01 -6.24845359e-02 -1.99207191e-01
 2.36908919e-01 -6.23260414e-02 -1.99584708e-01
 -2.44937271e-01 -3.33959506e-05 -2.00229155e-01
 2.44937271e-01 3.33959507e-05 -2.00229155e-01
 -2.36908919e-01 6.23260414e-02 -1.99584708e-01
 2.36887027e-01 6.24845359e-02 -1.99207191e-01
 -1.90669976e-01 1.53565521e-01 -2.02488170e-01
 1.90532649e-01 1.53784629e-01 -2.01894932e-01
 -1.13529493e-01 2.17118837e-01 -1.98815083e-01
 1.13110013e-01 2.17348164e-01 -1.98631341e-01
 -1.15764567e-01 -2.19261133e-01 -1.27945026e-01
 1.16324187e-01 -2.18920652e-01 -1.29146845e-01
 -1.92511060e-01 -1.56082735e-01 -1.31311648e-01
 1.92600183e-01 -1.55889074e-01 -1.32891906e-01
 -2.39482648e-01 -6.39953915e-02 -1.29778351e-01
 2.39501882e-01 -6.38444896e-02 -1.30398126e-01
 -2.47877374e-01 -2.27971765e-05 -1.30034282e-01
 2.47877374e-01 2.27971826e-05 -1.30034282e-01
 -2.39501882e-01 6.38444896e-02 -1.30398126e-01
 2.39482648e-01 6.39953915e-02 -1.29778351e-01
 -1.92600183e-01 1.55889074e-01 -1.32891906e-01
 1.92511060e-01 1.56082735e-01 -1.31311648e-01
 -1.16324187e-01 2.18920652e-01 -1.29146845e-01
 1.15764567e-01 2.19261133e-01 -1.27945026e-01
 -1.17384400e-01 -2.20264702e-01 -5.71823112e-02
 1.17727492e-01 -2.20013044e-01 -6.12533197e-02
 1.93635855e-01 -1.57334123e-01 -6.33882385e-02
 -2.41004705e-01 -6.47685297e-02 -5.95677368e-02
 2.40991575e-01 -6.47504273e-02 -6.07213577e-02
 -2.49549694e-01 9.94610179e-06 -5.99933662e-02
 2.49549694e-01 -9.94610278e-06 -5.99933662e-02
 -2.40991575e-01 6.47504273e-02 -6.07213577e-02
 2.41004705e-01 6.47685297e-02 -5.95677368e-02
 -1.93635855e-01 1.57334123e-01 -6.33882385e-02
 1.93565908e-01 1.57522189e-01 -5.91945370e-02
 -1.17727492e-01 2.20013044e-01 -6.12533197e-02
 1.17384400e-01 2.20264702e-01 -5.71823112e-02
 -1.18122201e-01 -2.20310515e-01 1.29135007e-02
 1.18099592e-01 -2.20339070e-01 7.13353953e-03
 -1.93823284e-01 -1.57866742e-01 1.30391216e-02
 1.93794536e-01 -1.57925796e-01 7.06633010e-03
 -2.41368407e-01 -6.50700823e-02 1.07155737e-02
 2.41369478e-01 -6.50800599e-02 9.26165027e-03
 -2.49987492e-01 1.72945539e-06 1.00031892e-02
 2.49987492e-01 -1.72945159e-06 1.00031892e-02
 -2.41369478e-01 6.50800599e-02 9.26165027e-03
 2.41368407e-01 6.50700823e-02 1.07155737e-02
 1.93823284e-01 1.57866742e-01 1.30391216e-02
 -1.18099592e-01 2.20339070e-01 7.13353954e-03
 1.18122201e-01 2.20310515e-01 1.29135007e-02
 -1.17391021e-01 -2.19789245e-01 8.11947032e-02
 1.17039580e-01 -2.20063233e-01 7.73470400e-02
 -1.93409572e-01 -1.57031040e-01 8.33297191e-02
 1.93323886e-01 -1.57264558e-01 7.93709045e-02
 -2.40678697e-01 -6.45534420e-02 8.06590914e-02
 2.40693287e-01 -6.45858222e-02 7.95399744e-02
 -2.49198621e-01 -6.73935844e-06 8.00047138e-02
 2.49198621e-01 6.73933820e-06 8.00047138e-02
 -2.40693287e-01 6.45858222e-02 7.95399744e-02
 2.40678697e-01 6.45534420e-02 8.06590913e-02
 -1.93323886e-01 1.57264558e-01 7.93709045e-02
 1.93409572e-01 1.57031040e-01 8.33297191e-02
 -1.17039580e-01 2.20063233e-01 7.73470400e-02
 1.17391021e-01 2.19789245e-01 8.11947032e-02
 -1.15646225e-01 -2.18480510e-01 1.49249711e-01
 1.15144468e-01 -2.18798979e-01 1.47986941e-01
 -1.92100781e-01 -1.55355244e-01 1.52946437e-01
 1.92033338e-01 -1.55540645e-01 1.51277477e-01
 -2.38866766e-01 -6.34951536e-02 1.50254910e-01
 2.38853313e-01 -6.36365992e-02 1.49638387e-01
 -2.47168935e-01 2.19473813e-05 1.50067570e-01
 2.47168935e-01 -2.19473747e-05 1.50067570e-01
 -2.38853313e-01 6.36365992e-02 1.49638387e-01
 2.38866766e-01 6.34951536e-02 1.50254910e-01
 -1.92033338e-01 1.55540645e-01 1.51277477e-01
 1.92100781e-01 1.55355244e-01 1.52946437e-01
 -1.15144468e-01 2.18798979e-01 1.47986941e-01
 1.15646225e-01 2.18480510e-01 1.49249711e-01
 -1.12464585e-01 -2.16450436e-01 2.19122836e-01
 1.11962407e-01 -2.16755083e-01 2.18418071e-01
 -1.90038139e-01 -1.52583568e-01 2.22845616e-01
 1.89760220e-01 -1.53046706e-01 2.21549618e-01
 -2.35993014e-01 -6.16777494e-02 2.19204109e-01
 2.35961501e-01 -6.18882095e-02 2.18797419e-01
 -2.43858314e-01 4.82093374e-05 2.20295093e-01
 2.43858314e-01 -4.82093532e-05 2.20295093e-01
 -2.35961501e-01 6.18882095e-02 2.18797419e-01
 2.35993014e-01 6.16777494e-02 2.19204109e-01
 -1.89760220e-01 1.53046706e-01 2.21549617e-01
 1.90038139e-01 1.52583568e-01 2.22845616e-01
 1.12464585e-01 2.16450436e-01 2.19122836e-01
 -1.08140037e-01 -2.13448738e-01 2.89699665e-01
 1.08067125e-01 -2.13529038e-01 2.89187731e-01
 -1.86666533e-01 -1.49395514e-01 2.92207759e-01
 1.86707494e-01 -1.49488374e-01 2.91026809e-01
 -2.32005704e-01 -5.94339270e-02 2.86802001e-01
 2.32009078e-01 -5.94961886e-02 2.86551667e-01
 2.39214282e-01 -2.76414288e-05 2.90558820e-01
 -2.32009078e-01 5.94961885e-02 2.86551667e-01
 2.32005704e-01 5.94339270e-02 2.86802001e-01
 -1.86707494e-01 1.49488374e-01 2.91026803e-01
 1.86666533e-01 1.49395514e-01 2.92207760e-01
 -1.08067125e-01 2.13529038e-01 2.89187730e-01
 1.08140037e-01 2.13448738e-01 2.89699665e-01
 -1.03427026e-01 -2.09219508e-01 3.58442141e-01
 1.02742438e-01 -2.09576013e-01 3.58259928e-01
 -1.82341336e-01 -1.45280228e-01 3.61005094e-01
 -2.26980975e-01 -5.66517650e-02 3.52595278e-01
 2.26867928e-01 -5.70428588e-02 3.52750462e-01
 -2.33332695e-01 -2.01910140e-05 3.59017619e-01
 2.33332694e-01 2.01914985e-05 3.59017630e-01
 -2.26867928e-01 5.70428596e-02 3.52750461e-01
 2.26980976e-01 5.66517640e-02 3.52595278e-01
 -1.82302866e-01 1.45464472e-01 3.60127810e-01
 1.82341337e-01 1.45280227e-01 3.61005101e-01
 -1.02742438e-01 2.09576014e-01 3.58259927e-01
 1.03427026e-01 2.09219508e-01 3.58442134e-01
 -1.00042543e-01 -2.03417740e-01 4.21667411e-01
 1.00403569e-01 -2.03375220e-01 4.20621315e-01
 -1.76612226e-01 -1.40293470e-01 4.31293197e-01
 1.76951818e-01 -1.40175336e-01 4.29677629e-01
 -2.21753626e-01 -4.96340201e-02 4.16879709e-01
 -2.26033303e-01 -4.21035243e-05 4.27250636e-01
 2.26033302e-01 4.20930959e-05 4.27250644e-01
 -2.21891348e-01 4.90928175e-02 4.16732530e-01
 2.21753620e-01 4.96340424e-02 4.16879719e-01
 -1.76951850e-01 1.40175390e-01 4.29677140e-01
 1.76612169e-01 1.40293534e-01 4.31293240e-01
 -1.00403585e-01 2.03375214e-01 4.20621302e-01
 1.00042541e-01 2.03417746e-01 4.21667367e-01
 -3.61836801e-02 -2.12512652e-01 5.06424551e-01
 3.61669486e-02 -2.12568206e-01 5.06070503e-01
 -1.70739707e-01 -1.33903736e-01 4.96672804e-01
 1.70817340e-01 -1.34209362e-01 4.94922757e-01
 -1.96261889e-01 -8.54798466e-02 5.16518606e-01
 2.19479303e-01 -1.41923023e-04 4.78812121e-01
 -1.96200186e-01 8.56956481e-02 5.16321498e-01
 1.96261623e-01 8.54800809e-02 5.16519601e-01
 -1.70817846e-01 1.34209485e-01 4.94919432e-01
 1.70739956e-01 1.33903696e-01 4.96671600e-01
 -3.61668701e-02 2.12568242e-01 5.06070349e-01
 3.61821260e-02 2.12513464e-01 5.06420878e-01
 -1.65831224e-01 -1.23423385e-01 5.62376007e-01
 1.65699341e-01 -1.24210245e-01 5.60222002e-01
 -1.92172523e-01 -6.95317045e-02 5.75986993e-01
 1.92066798e-01 -6.97941622e-02 5.76043331e-01
 -2.01827088e-01 5.13994405e-05 5.90129799e-01
 2.01827391e-01 -5.35446303e-05 5.90128139e-01
 -1.92061388e-01 6.97938611e-02 5.76072776e-01
 1.92173441e-01 6.95310371e-02 5.75983380e-01
 -1.65701283e-01 1.24213385e-01 5.60201676e-01
 1.65825773e-01 1.23432834e-01 5.62368542e-01
 -1.11424208e-01 -1.53935651e-01 6.49781026e-01
 1.11436361e-01 -1.54188741e-01 6.48786800e-01
 -1.81334687e-01 -6.46617203e-02 6.37954144e-01
 1.81315803e-01 -6.49847758e-02 6.37514654e-01
 -1.90941383e-01 7.80919479e-05 6.45493697e-01
 1.90943393e-01 -6.20463939e-05 6.45484215e-01
 -1.81277980e-01 6.49516674e-02 6.37740698e-01
 1.81324223e-01 6.47182845e-02 6.37909958e-01
 -1.11470755e-01 1.54258569e-01 6.48426586e-01
 1.11491851e-01 1.53798487e-01 6.50114975e-01
 1.06817825e-01 -1.40578981e-01 7.07983077e-01
 -1.68302324e-01 -5.66320011e-02 7.03899359e-01
 1.68666534e-01 -5.70253105e-02 7.01993893e-01
 -1.76521029e-01 -5.35861922e-05 7.08127936e-01
 1.76535423e-01 -2.19866009e-04 7.08070010e-01
 -1.68559612e-01 5.64586854e-02 7.03136676e-01
 1.68453381e-01 5.63466577e-02 7.03687576e-01
 -1.06332013e-01 1.41178958e-01 7.07242586e-01
 1.08021013e-01 1.38790168e-01 7.10703878e-01
 -4.33881188e-02 -1.46157138e-01 7.92520658e-01
 4.30474320e-02 -1.48846111e-01 7.84772616e-01
 -1.22725087e-01 -8.23129783e-02 8.06604008e-01
 1.20653385e-01 -9.38556233e-02 7.91291428e-01
 -1.61494457e-01 1.20478615e-03 7.63340961e-01
 1.61614614e-01 -5.30530891e-06 7.62949189e-01
 -1.20067201e-01 9.13433649e-02 7.97398340e-01
 -4.35889805e-02 1.50153884e-01 7.80295450e-01
 4.47080395e-02 1.43780486e-01 7.98281785e-01
 -1.13654745e-01 -6.33131239e-02 8.53923155e-01
 -1.25027205e-01 1.31975548e-03 8.65946476e-01
 1.25011709e-01 -1.38784157e-03 8.65980567e-01
 -1.13749673e-01 6.42680868e-02 8.52578441e-01
 1.13672942e-01 6.33548151e-02 8.53834923e-01
 -4.42960243e-02 -7.71915906e-02 9.34488700e-01
 4.35848557e-02 -8.11173077e-02 9.29691069e-01
 -1.04708406e-01 4.11102695e-04 9.08061502e-01
 1.04717330e-01 -4.45258455e-04 9.08044778e-01
 -4.36202594e-02 8.14372869e-02 9.29216800e-01
 4.42845144e-02 7.72908967e-02 9.34366088e-01
 -4.38253806e-02 7.78530240e-04 9.84509867e-01
 -4.85689167e-05 -4.91900647e-02 -9.80451612e-01
 -5.66409044e-02 -9.87743924e-02 -8.90262230e-01
 -4.99147464e-05 -1.08310249e-01 -9.01278093e-01
 5.81142106e-02 -9.84018673e-02 -8.89402595e-01
 -5.81142107e-02 9.84018673e-02 -8.89402595e-01
 4.99147063e-05 1.08310249e-01 -9.01278093e-01
 5.66409043e-02 9.87743924e-02 -8.90262230e-01
 -7.19578724e-02 -1.15532653e-01 -8.38801724e-01
 2.71343984e-03 -1.31404953e-01 -8.50650345e-01
 7.37185188e-02 -1.15377839e-01 -8.36693820e-01
 -7.37185187e-02 1.15377839e-01 -8.36693820e-01
 -2.71343975e-03 1.31404953e-01 -8.50650345e-01
 7.19578723e-02 1.15532653e-01 -8.38801724e-01
 -5.25629394e-02 -1.58581795e-01 -7.43924207e-01
 1.22138838e-04 -1.63633930e-01 -7.56030922e-01
 5.30344230e-02 -1.58568627e-01 -7.43433552e-01
 -1.30380852e-01 -9.92933897e-02 -7.55159917e-01
 -1.30784522e-01 9.94689943e-02 -7.53671844e-01
 1.30380852e-01 9.92933897e-02 -7.55159917e-01
 -5.30344230e-02 1.58568627e-01 -7.43433552e-01
 -1.22138877e-04 1.63633930e-01 -7.56030922e-01
 5.25629394e-02 1.58581795e-01 -7.43924207e-01
 -6.09865651e-02 -1.71880913e-01 -6.83960122e-01
 -2.84933666e-05 -1.80867437e-01 -6.90356073e-01
 6.09194090e-02 -1.71903518e-01 -6.83964982e-01
 -1.43632068e-01 -1.09289066e-01 -6.91962183e-01
 1.44336839e-01 -1.08591207e-01 -6.91373435e-01
 -1.44336839e-01 1.08591207e-01 -6.91373435e-01
 1.43632068e-01 1.09289066e-01 -6.91962183e-01
 -6.09194091e-02 1.71903518e-01 -6.83964982e-01
 2.84933289e-05 1.80867437e-01 -6.90356073e-01
 6.09865651e-02 1.71880913e-01 -6.83960122e-01
 -6.54410371e-02 -1.85198480e-01 -6.18630662e-01
 8.95480173e-05 -1.94760107e-01 -6.26973591e-01
 6.58626919e-02 -1.85101021e-01 -6.18381341e-01
 1.57759519e-01 -1.13101290e-01 -6.30174990e-01
 -1.57759519e-01 1.13101290e-01 -6.30174990e-01
 1.56914831e-01 1.13355636e-01 -6.32812586e-01
 -6.58626919e-02 1.85101021e-01 -6.18381341e-01
 -8.95480257e-05 1.94760107e-01 -6.26973591e-01
 -1.25394645e-01 -1.67702090e-01 -5.46292111e-01
 -7.03537220e-02 -1.95222910e-01 -5.57686210e-01
 7.08440125e-02 -1.95023239e-01 -5.57810892e-01
 1.26904634e-01 -1.67232475e-01 -5.43006640e-01
 -1.26904634e-01 1.67232475e-01 -5.43006640e-01
 -7.08440125e-02 1.95023239e-01 -5.57810892e-01
 -1.00462464e-04 2.04873137e-01 -5.73089699e-01
 7.03537220e-02 1.95222910e-01 -5.57686210e-01
 1.25394645e-01 1.67702090e-01 -5.46292111e-01
 -1.11275996e-04 -2.21299852e-01 -4.65211578e-01
 -1.36450285e-01 -1.72018988e-01 -4.78176329e-01
 -8.90082892e-02 -1.97334189e-01 -5.00187841e-01
 8.91724560e-02 -1.97282871e-01 -5.00043869e-01
 1.36316559e-01 -1.72583366e-01 -4.75525432e-01
 2.14671165e-01 -3.92467235e-02 -4.87868597e-01
 2.14603955e-01 3.92094086e-02 -4.88389434e-01
 -8.91724560e-02 1.97282871e-01 -5.00043869e-01
 1.36450285e-01 1.72018988e-01 -4.78176329e-01
 1.11275962e-04 2.21299852e-01 -4.65211578e-01
 -5.07166208e-02 -2.23440590e-01 -4.00042544e-01
 2.29784931e-04 -2.28048835e-01 -4.09754582e-01
 5.09324114e-02 -2.23524104e-01 -3.98855653e-01
 -1.41485602e-01 -1.78592911e-01 -4.11560865e-01
 1.41822363e-01 -1.78603293e-01 -4.09629711e-01
 -2.04940594e-01 -1.01383093e-01 -4.04392313e-01
 2.05283549e-01 -1.01169826e-01 -4.02459054e-01
 -2.05283549e-01 1.01169826e-01 -4.02459054e-01
 2.04940594e-01 1.01383093e-01 -4.04392313e-01
 -1.41822363e-01 1.78603293e-01 -4.09629711e-01
 1.41485602e-01 1.78592911e-01 -4.11560865e-01
 -5.09324114e-02 2.23524104e-01 -3.98855653e-01
 -2.29784949e-04 2.28048835e-01 -4.09754582e-01
 5.07166208e-02 2.23440590e-01 -4.00042544e-01
 -5.76231636e-02 -2.28434890e-01 -3.34594011e-01
 -6.54998757e-05 -2.35061162e-01 -3.40499534e-01
 5.77795679e-02 -2.28489296e-01 -3.33566500e-01
 -1.46651040e-01 -1.83611821e-01 -3.41295685e-01
 1.46601216e-01 -1.83754750e-01 -3.40406235e-01
 -2.10553038e-01 -1.04657183e-01 -3.39747956e-01
 2.10759550e-01 -1.04443836e-01 -3.38748219e-01
 -2.10759550e-01 1.04443836e-01 -3.38748219e-01
 2.10553038e-01 1.04657183e-01 -3.39747956e-01
 -1.46601216e-01 1.83754750e-01 -3.40406235e-01
 1.46651040e-01 1.83611821e-01 -3.41295685e-01
 -5.77795679e-02 2.28489296e-01 -3.33566500e-01
 6.54998686e-05 2.35061162e-01 -3.40499534e-01
 -6.00449889e-02 -2.33265213e-01 -2.67789158e-01
 3.35476744e-05 -2.40667979e-01 -2.70670955e-01
 6.01487766e-02 -2.33277975e-01 -2.67238046e-01
 -1.50313033e-01 -1.87831100e-01 -2.72043230e-01
 1.50546020e-01 -1.87698634e-01 -2.71444090e-01
 -2.14496669e-01 -1.09284207e-01 -2.69759635e-01
 2.14617014e-01 -1.09132871e-01 -2.69207844e-01
 -2.14617014e-01 1.09132871e-01 -2.69207843e-01
 2.14496669e-01 1.09284207e-01 -2.69759635e-01
 -1.50546020e-01 1.87698634e-01 -2.71444090e-01
 1.50313033e-01 1.87831100e-01 -2.72043230e-01
 -6.01487767e-02 2.33277975e-01 -2.67238046e-01
 6.00449889e-02 2.33265213e-01 -2.67789158e-01
 -6.23260414e-02 -2.36908919e-01 -1.99584708e-01
 3.33959452e-05 -2.44937271e-01 -2.00229155e-01
 6.24845359e-02 -2.36887027e-01 -1.99207191e-01
 -1.53565521e-01 -1.90669976e-01 -2.02488170e-01
 1.53784629e-01 -1.90532649e-01 -2.01894932e-01
 -2.17118837e-01 -1.13529493e-01 -1.98815083e-01
 2.17348164e-01 -1.13110013e-01 -1.98631341e-01
 -2.17348164e-01 1.13110013e-01 -1.98631341e-01
 2.17118837e-01 1.13529493e-01 -1.98815083e-01
 -1.53784629e-01 1.90532649e-01 -2.01894932e-01
 1.53565521e-01 1.90669976e-01 -2.02488170e-01
 -6.24845359e-02 2.36887027e-01 -1.99207191e-01
 -3.33959457e-05 2.44937271e-01 -2.00229155e-01
 6.23260414e-02 2.36908919e-01 -1.99584708e-01
 -6.38444896e-02 -2.39501882e-01 -1.30398126e-01
 2.27971809e-05 -2.47877374e-01 -1.30034282e-01
 6.39953915e-02 -2.39482648e-01 -1.29778351e-01
 -1.55889074e-01 -1.92600183e-01 -1.32891906e-01
 1.56082735e-01 -1.92511060e-01 -1.31311648e-01
 -2.18920652e-01 -1.16324187e-01 -1.29146845e-01
 2.19261133e-01 -1.15764567e-01 -1.27945026e-01
 -2.19261133e-01 1.15764567e-01 -1.27945026e-01
 2.18920652e-01 1.16324187e-01 -1.29146845e-01
 -1.56082735e-01 1.92511060e-01 -1.31311648e-01
 1.55889074e-01 1.92600183e-01 -1.32891906e-01
 -6.39953915e-02 2.39482648e-01 -1.29778351e-01
 -2.27971773e-05 2.47877374e-01 -1.30034282e-01
 6.38444897e-02 2.39501882e-01 -1.30398126e-01
 -6.47504273e-02 -2.40991575e-01 -6.07213577e-02
 -9.94610180e-06 -2.49549694e-01 -5.99933662e-02
 6.47685297e-02 -2.41004705e-01 -5.95677368e-02
 1.57522188e-01 -1.93565908e-01 -5.91945370e-02
 -2.20013044e-01 -1.17727492e-01 -6.12533197e-02
 2.20264702e-01 -1.17384400e-01 -5.71823112e-02
 -2.20264702e-01 1.17384400e-01 -5.71823111e-02
 2.20013044e-01 1.17727492e-01 -6.12533197e-02
 -1.57522189e-01 1.93565908e-01 -5.91945370e-02
 1.57334123e-01 1.93635855e-01 -6.33882385e-02
 -6.47685297e-02 2.41004705e-01 -5.95677368e-02
 9.94609986e-06 2.49549694e-01 -5.99933662e-02
 6.47504273e-02 2.40991575e-01 -6.07213577e-02
 -6.50800599e-02 -2.41369478e-01 9.26165027e-03
 -1.72945136e-06 -2.49987492e-01 1.00031892e-02
 6.50700823e-02 -2.41368407e-01 1.07155737e-02
 -1.57925796e-01 -1.93794536e-01 7.06633010e-03
 -2.20339070e-01 -1.18099592e-01 7.13353953e-03
 2.20310515e-01 -1.18122201e-01 1.29135007e-02
 -2.20310515e-01 1.18122201e-01 1.29135007e-02
 2.20339070e-01 1.18099592e-01 7.13353953e-03
 -1.57866742e-01 1.93823284e-01 1.30391216e-02
 1.57925796e-01 1.93794536e-01 7.06633010e-03
 -6.50700823e-02 2.41368407e-01 1.07155737e-02
 1.72945604e-06 2.49987492e-01 1.00031892e-02
 6.50800599e-02 2.41369478e-01 9.26165027e-03
 -6.45858222e-02 -2.40693287e-01 7.95399744e-02
 6.73933133e-06 -2.49198621e-01 8.00047138e-02
 6.45534420e-02 -2.40678697e-01 8.06590914e-02
 -1.57264558e-01 -1.93323886e-01 7.93709045e-02
 1.57031040e-01 -1.93409572e-01 8.33297191e-02
 -2.20063233e-01 -1.17039580e-01 7.73470400e-02
 2.19789245e-01 -1.17391021e-01 8.11947032e-02
 -2.19789245e-01 1.17391021e-01 8.11947032e-02
 2.20063233e-01 1.17039580e-01 7.73470400e-02
 -1.57031040e-01 1.93409572e-01 8.33297191e-02
 1.57264558e-01 1.93323886e-01 7.93709045e-02
 -6.45534420e-02 2.40678697e-01 8.06590913e-02
 -6.73935208e-06 2.49198621e-01 8.00047138e-02
 6.45858222e-02 2.40693287e-01 7.95399744e-02
 -6.36365992e-02 -2.38853313e-01 1.49638387e-01
 -2.19473767e-05 -2.47168935e-01 1.50067570e-01
 6.34951536e-02 -2.38866766e-01 1.50254910e-01
 -1.55540645e-01 -1.92033338e-01 1.51277477e-01
 1.55355244e-01 -1.92100781e-01 1.52946437e-01
 -2.18798979e-01 -1.15144468e-01 1.47986941e-01
 2.18480510e-01 -1.15646225e-01 1.49249711e-01
 -2.18480510e-01 1.15646225e-01 1.49249711e-01
 2.18798979e-01 1.15144468e-01 1.47986941e-01
 -1.55355244e-01 1.92100781e-01 1.52946437e-01
 1.55540645e-01 1.92033338e-01 1.51277477e-01
 -6.34951536e-02 2.38866766e-01 1.50254910e-01
 2.19473803e-05 2.47168935e-01 1.50067570e-01
 6.36365992e-02 2.38853313e-01 1.49638387e-01
 -6.18882095e-02 -2.35961501e-01 2.18797419e-01
 -4.82093529e-05 -2.43858314e-01 2.20295093e-01
 6.16777494e-02 -2.35993014e-01 2.19204109e-01
 -1.53046706e-01 -1.89760220e-01 2.21549617e-01
 1.52583568e-01 -1.90038139e-01 2.22845616e-01
 -2.16755083e-01 -1.11962407e-01 2.18418071e-01
 -2.16450436e-01 1.12464585e-01 2.19122836e-01
 2.16755083e-01 1.11962407e-01 2.18418071e-01
 -1.52583568e-01 1.90038139e-01 2.22845616e-01
 1.53046706e-01 1.89760220e-01 2.21549618e-01
 -6.16777495e-02 2.35993014e-01 2.19204109e-01
 4.82093342e-05 2.43858314e-01 2.20295093e-01
 6.18882095e-02 2.35961501e-01 2.18797419e-01
 -5.94961886e-02 -2.32009078e-01 2.86551667e-01
 5.94339270e-02 -2.32005704e-01 2.86802002e-01
 -1.49488374e-01 -1.86707494e-01 2.91026803e-01
 1.49395514e-01 -1.86666533e-01 2.92207760e-01
 -2.13529038e-01 -1.08067125e-01 2.89187730e-01
 2.13448738e-01 -1.08140037e-01 2.89699665e-01
 -2.13448738e-01 1.08140037e-01 2.89699665e-01
 2.13529038e-01 1.08067125e-01 2.89187730e-01
 -1.49395514e-01 1.86666533e-01 2.92207759e-01
 1.49488374e-01 1.86707494e-01 2.91026810e-01
 -5.94339270e-02 2.32005704e-01 2.86802001e-01
 2.76413840e-05 2.39214282e-01 2.90558819e-01
 5.94961886e-02 2.32009078e-01 2.86551667e-01
 -5.70428595e-02 -2.26867928e-01 3.52750460e-01
 2.01926843e-05 -2.33332694e-01 3.59017624e-01
 5.66517642e-02 -2.26980975e-01 3.52595279e-01
 -1.45464472e-01 -1.82302866e-01 3.60127810e-01
 1.45280227e-01 -1.82341337e-01 3.61005094e-01
 -2.09576014e-01 -1.02742438e-01 3.58259927e-01
 2.09219508e-01 -1.03427026e-01 3.58442136e-01
 -2.09219508e-01 1.03427026e-01 3.58442141e-01
 2.09576013e-01 1.02742439e-01 3.58259927e-01
 1.45464470e-01 1.82302860e-01 3.60127871e-01
 -5.66517649e-02 2.26980975e-01 3.52595277e-01
 -2.01896410e-05 2.33332694e-01 3.59017624e-01
 5.70428589e-02 2.26867928e-01 3.52750463e-01
 -4.90928161e-02 -2.21891348e-01 4.16732528e-01
 4.21028233e-05 -2.26033303e-01 4.27250639e-01
 4.96340384e-02 -2.21753621e-01 4.16879720e-01
 -1.40175390e-01 -1.76951850e-01 4.29677140e-01
 1.40293535e-01 -1.76612177e-01 4.31293175e-01
 -2.03375214e-01 -1.00403585e-01 4.20621303e-01
 2.03417746e-01 -1.00042538e-01 4.21667377e-01
 -2.03417740e-01 1.00042543e-01 4.21667409e-01
 2.03375221e-01 1.00403567e-01 4.20621312e-01
 -1.40293470e-01 1.76612226e-01 4.31293197e-01
 1.40175331e-01 1.76951814e-01 4.29677685e-01
 -4.20862541e-05 2.26033302e-01 4.27250641e-01
 4.90928239e-02 2.21891344e-01 4.16732549e-01
 -1.34209483e-01 -1.70817848e-01 4.94919429e-01
 -8.56956370e-02 -1.96200190e-01 5.16321502e-01
 8.54797062e-02 -1.96261829e-01 5.16519338e-01
 1.33903779e-01 -1.70739972e-01 4.96671157e-01
 -2.12568234e-01 -3.61668348e-02 5.06070445e-01
 2.12513196e-01 -3.61826636e-02 5.06422059e-01
 -2.12512661e-01 3.61836640e-02 5.06424510e-01
 2.12568231e-01 3.61669748e-02 5.06070306e-01
 -1.33903736e-01 1.70739707e-01 4.96672803e-01
 8.56986665e-02 1.96199397e-01 5.16318275e-01
 1.34209362e-01 1.70817296e-01 4.94923002e-01
 1.41863746e-04 2.19479298e-01 4.78812158e-01
 -1.24213412e-01 -1.65701270e-01 5.60201641e-01
 -6.97941297e-02 -1.92061256e-01 5.76072957e-01
 -5.28139326e-05 -2.01827715e-01 5.90126367e-01
 6.95314742e-02 -1.92173160e-01 5.75984039e-01
 1.23431977e-01 -1.65827183e-01 5.62364897e-01
 -1.23423405e-01 1.65831211e-01 5.62375994e-01
 -6.95317664e-02 1.92172519e-01 5.75986892e-01
 5.22139826e-05 2.01826612e-01 5.90132402e-01
 6.97945369e-02 1.92068619e-01 5.76032890e-01
 1.24212167e-01 1.65697776e-01 5.60222591e-01
 -6.49494476e-02 -1.81278400e-01 6.37742403e-01
 -6.46229660e-05 -1.90946778e-01 6.45468188e-01
 6.47075256e-02 -1.81327469e-01 6.37912660e-01
 -1.54258279e-01 -1.11471632e-01 6.48425275e-01
 1.53822313e-01 -1.11496022e-01 6.50013329e-01
 -1.53935854e-01 1.11424199e-01 6.49780280e-01
 1.54181077e-01 1.11450205e-01 6.48777895e-01
 -6.46621901e-02 1.81334879e-01 6.37952508e-01
 7.94075108e-05 1.90936874e-01 6.45515037e-01
 6.49965266e-02 1.81324890e-01 6.37454135e-01
 -5.64722576e-02 -1.68553600e-01 7.03142295e-01
 -4.12853649e-05 -1.76558658e-01 7.07977836e-01
 5.63787564e-02 -1.68435950e-01 7.03713196e-01
 1.38895543e-01 -1.08046824e-01 7.10311614e-01
 -1.40093657e-01 1.07432938e-01 7.08033118e-01
 1.40610469e-01 1.06811653e-01 7.07897923e-01
 -5.66038903e-02 1.68315221e-01 7.03886195e-01
 1.53924186e-04 1.76493255e-01 7.08238459e-01
 5.71033906e-02 1.68686478e-01 7.01815644e-01
 -4.08347159e-04 -1.61681560e-01 7.62720461e-01
 -9.13242969e-02 -1.20077033e-01 7.97409596e-01
 8.61198749e-02 -1.21168144e-01 8.04006449e-01
 -1.50168537e-01 -4.34430828e-02 7.80380514e-01
 1.44150791e-01 -4.44488221e-02 7.97444435e-01
 -1.46058472e-01 4.34786908e-02 7.92732249e-01
 1.48826417e-01 4.31850503e-02 7.84711402e-01
 -8.23092261e-02 1.22715463e-01 8.06633561e-01
 7.31468291e-04 1.61412679e-01 7.63627261e-01
 -6.43722414e-02 -1.13671513e-01 8.52619509e-01
 -1.04178549e-03 -1.24990374e-01 8.66037607e-01
 6.33413400e-02 -1.13732819e-01 8.53723332e-01
 1.70934799e-03 1.25042765e-01 8.65899624e-01
 6.51745450e-02 1.13477792e-01 8.52056988e-01
 -3.59408162e-04 -1.04692188e-01 9.08091771e-01
 -8.12944448e-02 -4.36730604e-02 9.29377229e-01
 7.73911772e-02 -4.42847308e-02 9.34233105e-01
 -7.70712801e-02 4.43384118e-02 9.34615412e-01
 8.12444668e-02 4.35784176e-02 9.29518225e-01
 4.89692774e-04 1.04701005e-01 9.08074532e-01
 -1.06428116e-03 -4.37866437e-02 9.84533166e-01
 4.91900647e-02 -4.85690869e-05 -9.80451612e-01
 -9.92933897e-02 1.30380852e-01 -7.55159917e-01
 -1.13101290e-01 -1.57759519e-01 -6.30174990e-01
 1.85101021e-01 6.58626919e-02 -6.18381341e-01
 -2.04873137e-01 -1.00462469e-04 -5.73089699e-01
 -3.92467235e-02 -2.14671165e-01 -4.87868597e-01
 3.92094086e-02 -2.14603955e-01 -4.88389434e-01
 1.72018988e-01 -1.36450285e-01 -4.78176329e-01
 1.97282871e-01 8.91724560e-02 -5.00043869e-01
 2.28489296e-01 5.77795679e-02 -3.33566500e-01
 2.40667979e-01 3.35476748e-05 -2.70670955e-01
 -1.93565908e-01 -1.57522189e-01 -5.91945370e-02
 -1.93794536e-01 1.57925796e-01 7.06633010e-03
 -1.11962407e-01 2.16755083e-01 2.18418071e-01
 -2.39214282e-01 2.76414030e-05 2.90558817e-01
 1.82302861e-01 -1.45464470e-01 3.60127864e-01
 2.21891344e-01 -4.90928242e-02 4.16732548e-01
 1.96199506e-01 -8.56979906e-02 5.16319412e-01
 -2.19479290e-01 1.42149311e-04 4.78812213e-01
 -1.07432510e-01 -1.40089702e-01 7.08046679e-01
 1.21126188e-01 8.60523846e-02 8.04223189e-01
 1.13416716e-01 -6.51427452e-02 8.52225992e-01
 4.38480361e-02 -1.09809324e-03 9.84488854e-01
 4.85690782e-05 4.91900647e-02 -9.80451612e-01
 1.30784522e-01 -9.94689943e-02 -7.53671844e-01
 -1.56914831e-01 -1.13355636e-01 -6.32812586e-01
 6.54410371e-02 1.85198480e-01 -6.18630662e-01
 1.00462457e-04 -2.04873137e-01 -5.73089699e-01
 -2.14603955e-01 -3.92094087e-02 -4.88389434e-01
 -2.14671165e-01 3.92467235e-02 -4.87868597e-01
 -1.36316559e-01 1.72583366e-01 -4.75525432e-01
 8.90082891e-02 1.97334189e-01 -5.00187841e-01
 5.76231636e-02 2.28434890e-01 -3.34594011e-01
 -3.35476987e-05 2.40667979e-01 -2.70670955e-01
 -1.57334123e-01 -1.93635855e-01 -6.33882385e-02
 1.57866742e-01 -1.93823284e-01 1.30391216e-02
 2.16450436e-01 -1.12464585e-01 2.19122836e-01
 -2.76414431e-05 -2.39214282e-01 2.90558819e-01
 -1.45280228e-01 1.82341336e-01 3.61005094e-01
 -4.96340248e-02 2.21753627e-01 4.16879697e-01
 -1.42067995e-04 -2.19479296e-01 4.78812169e-01
 -8.54798457e-02 1.96261890e-01 5.16518600e-01
 -1.41176462e-01 -1.06334804e-01 7.07243846e-01
 9.42849195e-02 1.20725230e-01 7.90298909e-01
 -6.33668111e-02 1.13589843e-01 8.53997611e-01
 8.46812314e-04 4.38348326e-02 9.84502233e-01
 -4.53699039e-11 -3.57024397e-11 -1.00000000e+00
 -6.09145453e-02 -6.04629048e-02 -9.39222277e-01
 -1.39291132e-04 -7.99996383e-02 -9.47417868e-01
 6.04629047e-02 -6.09145454e-02 -9.39222277e-01
 -7.99996383e-02 1.39290558e-04 -9.47417868e-01
 7.99996383e-02 -1.39290951e-04 -9.47417868e-01
 -6.04629049e-02 6.09145453e-02 -9.39222277e-01
 1.39290765e-04 7.99996383e-02 -9.47417868e-01
 6.09145453e-02 6.04629048e-02 -9.39222277e-01
 -6.53311035e-02 -1.35881544e-01 -7.97677156e-01
 -3.08319908e-03 -1.46535534e-01 -8.10114374e-01
 6.27822795e-02 -1.36979355e-01 -7.97947783e-01
 -1.36979355e-01 -6.27822795e-02 -7.97947783e-01
 1.35881544e-01 -6.53311035e-02 -7.97677156e-01
 -1.46535534e-01 3.08319903e-03 -8.10114374e-01
 1.46535534e-01 -3.08319908e-03 -8.10114374e-01
 -1.35881544e-01 6.53311034e-02 -7.97677156e-01
 1.36979355e-01 6.27822795e-02 -7.97947783e-01
 -6.27822796e-02 1.36979355e-01 -7.97947783e-01
 3.08319894e-03 1.46535534e-01 -8.10114374e-01
 6.53311034e-02 1.35881544e-01 -7.97677156e-01
 -1.44733511e-01 -1.40145517e-01 -5.92100596e-01
 1.40145517e-01 -1.44733511e-01 -5.92100596e-01
 -1.40145517e-01 1.44733511e-01 -5.92100596e-01
 1.44733511e-01 1.40145517e-01 -5.92100596e-01
 2.35049483e-05 -2.11393522e-01 -5.33858086e-01
 -2.11393522e-01 -2.35049526e-05 -5.33858086e-01
 2.11393522e-01 2.35049479e-05 -5.33858086e-01
 -2.35049522e-05 2.11393522e-01 -5.33858086e-01
 -7.85401149e-02 -2.08898995e-01 -4.50646831e-01
 7.70065259e-02 -2.09466537e-01 -4.50666435e-01
 -2.09466537e-01 -7.70065259e-02 -4.50666435e-01
 2.08898995e-01 -7.85401149e-02 -4.50646831e-01
 -2.08898995e-01 7.85401148e-02 -4.50646831e-01
 2.09466537e-01 7.70065259e-02 -4.50666435e-01
 -7.70065259e-02 2.09466537e-01 -4.50666435e-01
 7.85401149e-02 2.08898995e-01 -4.50646831e-01
 -7.51999660e-02 -2.08004891e-01 4.66114671e-01
 7.60088838e-02 -2.07712895e-01 4.66098753e-01
 -2.07712921e-01 -7.60088671e-02 4.66098611e-01
 2.08004839e-01 -7.52000859e-02 4.66114731e-01
 -2.08004886e-01 7.51999800e-02 4.66114668e-01
 2.07712880e-01 7.60089077e-02 4.66098795e-01
 -7.60088875e-02 2.07712914e-01 4.66098604e-01
 7.52001032e-02 2.08004841e-01 4.66114676e-01
 -7.47439234e-07 -2.08822282e-01 5.49810944e-01
 -2.08822219e-01 9.15050261e-07 5.49811325e-01
 2.08822309e-01 3.44995846e-07 5.49810780e-01
 -7.05943593e-07 2.08822238e-01 5.49811210e-01
 -1.39093517e-01 -1.42020669e-01 6.06407427e-01
 1.41957044e-01 -1.39146976e-01 6.06449556e-01
 -1.42020522e-01 1.39093642e-01 6.06407521e-01
 1.39130060e-01 1.41969976e-01 6.06463218e-01
 -7.87502038e-02 -1.44172687e-01 7.53791926e-01
 8.38779572e-02 -1.41249640e-01 7.53796021e-01
 -1.37806430e-01 -8.85308119e-02 7.55477950e-01
 1.47304879e-01 -7.30622627e-02 7.53266790e-01
 -1.44133826e-01 7.88383736e-02 7.53763370e-01
 1.41355850e-01 8.37371845e-02 7.53727883e-01
 -8.85396082e-02 1.37805463e-01 7.55464277e-01
 7.22964666e-02 1.47676614e-01 7.53284420e-01
 1.92843743e-03 -1.40702807e-01 8.26549466e-01
 -1.40781213e-01 -3.10295588e-03 8.26278613e-01
 1.40725061e-01 2.73670354e-03 8.26452348e-01
 -3.97502262e-03 1.40801580e-01 8.26163318e-01
 -7.75278255e-02 -8.15989175e-02 8.92914804e-01
 8.16376870e-02 -7.74448380e-02 8.92973327e-01
 -8.16541855e-02 7.74653509e-02 8.92920721e-01
 7.73543330e-02 8.17254888e-02 8.92970339e-01
 1.46860525e-03 -6.80050213e-02 9.62273643e-01
 -6.80666274e-02 -1.61034061e-03 9.62200321e-01
 6.80566026e-02 1.55363400e-03 9.62213158e-01
 -1.68476902e-03 6.80201345e-02 9.62250885e-01
 8.20717976e-05 1.23128511e-04 9.99999825e-01
