 3.47162591e-05 -2.12768119e-06 -9.99999990e-01
 -7.16794320e-02 -3.96216061e-02 -9.44814796e-01
 7.16327415e-02 -3.88124361e-02 -9.45408654e-01
 -7.02285020e-02 1.15056012e-04 -9.59732832e-01
 7.03490329e-02 2.93240391e-05 -9.59591686e-01
 -7.15729084e-02 3.98845303e-02 -9.44767002e-01
 7.16078197e-02 4.00339807e-02 -9.44623528e-01
 -2.66854376e-02 -1.04380881e-01 -9.02374814e-01
 2.77762770e-02 -1.05484531e-01 -8.99791018e-01
 -8.23981920e-02 -6.10783777e-02 -9.11964646e-01
 8.23828146e-02 -5.97441312e-02 -9.13399896e-01
 -1.19580818e-01 -2.15503959e-04 -8.78183413e-01
 1.19508665e-01 -1.17542939e-03 -8.78328388e-01
 -8.28111217e-02 6.08592834e-02 -9.11600489e-01
 8.31633747e-02 5.91694324e-02 -9.12866530e-01
 2.71715392e-02 1.05190932e-01 -9.00636000e-01
 -7.75874164e-02 -1.06086361e-01 -8.50655060e-01
 -1.27190259e-01 -3.59546319e-02 -8.48810013e-01
 1.26806927e-01 -3.65939757e-02 -8.49290380e-01
 -1.37214467e-01 2.08190572e-04 -8.35915276e-01
 1.37255945e-01 -4.51656069e-05 -8.35806711e-01
 -1.26914260e-01 3.64479019e-02 -8.49134346e-01
 1.26677859e-01 3.59870852e-02 -8.50013173e-01
 -7.75646191e-02 1.05451316e-01 -8.51950701e-01
 7.68912308e-02 1.07718621e-01 -8.48381399e-01
 -2.80148407e-04 -1.49723853e-01 -8.00826467e-01
 1.25817183e-01 -8.66535190e-02 -7.91567599e-01
 -1.35121266e-01 -5.26736298e-02 -8.14545097e-01
 1.35233070e-01 -5.23532429e-02 -8.14578711e-01
 -1.49704441e-01 -3.22788130e-04 -8.00884273e-01
 1.49739006e-01 -7.56244166e-05 -8.00781862e-01
 -1.35266217e-01 5.20493370e-02 -8.14802229e-01
 1.35484506e-01 5.19542203e-02 -8.14318931e-01
 -1.26319823e-01 8.60737360e-02 -7.91298823e-01
 1.25413186e-01 8.69538392e-02 -7.92066285e-01
 -7.13723228e-02 -1.50393327e-01 -7.46059929e-01
 7.17762003e-02 -1.50069654e-01 -7.46482696e-01
 -1.27440791e-01 -1.02297019e-01 -7.56773833e-01
 1.27471302e-01 -1.02602029e-01 -7.56030590e-01
 -1.66300127e-01 -3.45600411e-02 -7.33756048e-01
 1.66306432e-01 -3.46215296e-02 -7.33686804e-01
 -1.64042365e-01 -1.13472799e-06 -7.54613571e-01
 1.64035724e-01 -3.71353527e-05 -7.54636653e-01
 -1.66340773e-01 3.44929061e-02 -7.33659176e-01
 1.66315680e-01 3.45235933e-02 -7.33727099e-01
 -1.28255626e-01 1.02152242e-01 -7.54881859e-01
 1.27554322e-01 1.02738123e-01 -7.55510668e-01
 -7.24990101e-02 1.50776063e-01 -7.43079780e-01
 7.47857569e-02 1.50406450e-01 -7.40648261e-01
 -1.35858807e-01 -1.09949027e-01 -7.15022753e-01
 1.36555758e-01 -1.09320988e-01 -7.14439042e-01
 -1.76332806e-01 -4.12380795e-02 -6.89419029e-01
 1.76513702e-01 -3.92430359e-02 -6.90540624e-01
 -1.78533059e-01 -7.72985834e-04 -7.00003995e-01
 1.78527051e-01 7.60439232e-04 -7.00028730e-01
 -1.76518163e-01 3.92635602e-02 -6.90503713e-01
 1.76330632e-01 4.12511439e-02 -6.89415420e-01
 -1.36375035e-01 1.09825606e-01 -7.13752743e-01
 1.36319930e-01 1.09443859e-01 -7.14858516e-01
 7.51599655e-02 1.62765901e-01 -6.96944658e-01
 -1.20586123e-01 -1.49616935e-01 -6.39671913e-01
 1.21278965e-01 -1.48990891e-01 -6.39914083e-01
 -1.70888995e-01 -8.37083063e-02 -6.48566060e-01
 1.72424731e-01 -8.27958081e-02 -6.43920074e-01
 -1.85079054e-01 -4.02949426e-02 -6.52650735e-01
 1.83446485e-01 -4.73029549e-02 -6.52500637e-01
 1.89698883e-01 -1.79698923e-03 -6.51289240e-01
 -1.83422346e-01 4.73384830e-02 -6.52567985e-01
 1.85094579e-01 4.02217948e-02 -6.52652486e-01
 -1.72500036e-01 8.27508534e-02 -6.43689788e-01
 1.70978193e-01 8.34923774e-02 -6.48635250e-01
 -1.21566881e-01 1.48651001e-01 -6.40304592e-01
 1.21350849e-01 1.48888839e-01 -6.40076059e-01
 -1.23681682e-01 -1.57021310e-01 -6.00628335e-01
 1.26942332e-01 -1.54075411e-01 -6.01948997e-01
 -1.77795815e-01 -9.25815567e-02 -5.97559083e-01
 1.79910082e-01 -8.67605191e-02 -6.01398034e-01
 -1.88834178e-01 -5.66402906e-02 -6.14928036e-01
 1.94567507e-01 -3.58434382e-02 -6.11342562e-01
 -1.98608756e-01 -1.32328677e-02 -6.05038226e-01
 1.98609661e-01 1.32316740e-02 -6.05033887e-01
 1.88845086e-01 5.66104734e-02 -6.14918372e-01
 -1.79834001e-01 8.69500299e-02 -6.01324198e-01
 1.77882533e-01 9.24543673e-02 -5.97461219e-01
 -1.25173427e-01 1.55402094e-01 -6.02419155e-01
 1.23729123e-01 1.56914997e-01 -6.00916471e-01
 -7.19734911e-02 -1.97733089e-01 -5.39947285e-01
 7.22440157e-02 -1.96332003e-01 -5.47496804e-01
 -1.30083724e-01 -1.61140127e-01 -5.60172604e-01
 1.30439273e-01 -1.60266936e-01 -5.62851387e-01
 -1.80719769e-01 -1.04312431e-01 -5.50770832e-01
 1.81005572e-01 -1.01314555e-01 -5.58173364e-01
 -2.09245054e-01 -3.05657290e-02 -5.33400318e-01
 2.09367565e-01 -3.05368496e-02 -5.32657094e-01
 -2.06468260e-01 3.74494080e-03 -5.63657101e-01
 2.06469017e-01 -3.74348037e-03 -5.63652819e-01
 -2.09365083e-01 3.05457106e-02 -5.32664569e-01
 2.09246542e-01 3.05646336e-02 -5.33391984e-01
 -1.80969133e-01 1.01359631e-01 -5.58231468e-01
 1.80713193e-01 1.04340060e-01 -5.50721620e-01
 -1.29810645e-01 1.60523279e-01 -5.64006713e-01
 1.30354556e-01 1.60695231e-01 -5.61209159e-01
 -7.16185187e-02 1.96210168e-01 -5.49506800e-01
 7.11478071e-02 1.96672433e-01 -5.47838568e-01
 -7.61886150e-02 -2.03117705e-01 -4.97006925e-01
 7.65270044e-02 -2.02140739e-01 -5.02517493e-01
 -1.66792818e-01 -1.40927449e-01 -4.86943283e-01
 1.67274559e-01 -1.39704798e-01 -4.89927200e-01
 -1.83909775e-01 -1.11368118e-01 -5.10283640e-01
 1.83008626e-01 -1.11803055e-01 -5.13932595e-01
 -2.14816921e-01 -3.82227509e-02 -4.88142792e-01
 2.14658591e-01 -3.94074669e-02 -4.87749787e-01
 -2.16534141e-01 3.36762810e-04 -4.99805597e-01
 2.16534653e-01 -3.34716892e-04 -4.99802071e-01
 -2.14657482e-01 3.94120156e-02 -4.87751718e-01
 2.14815956e-01 3.82276592e-02 -4.88143442e-01
 -1.82969783e-01 1.11862900e-01 -5.13945524e-01
 -1.67207253e-01 1.39761955e-01 -4.90033964e-01
 1.66748213e-01 1.40986732e-01 -4.86913128e-01
 -7.70665924e-02 2.01912539e-01 -5.02665963e-01
 7.63339775e-02 2.02689213e-01 -4.99442999e-01
 -7.34535839e-02 -2.11155881e-01 -4.47531269e-01
 7.43601032e-02 -2.09469982e-01 -4.57696872e-01
 -1.73356233e-01 -1.42836087e-01 -4.39007404e-01
 1.70332127e-01 -1.45736597e-01 -4.42679311e-01
 -1.89969310e-01 -1.13989197e-01 -4.63346511e-01
 1.90514688e-01 -1.12225274e-01 -4.66641474e-01
 -2.20825919e-01 -4.14142729e-02 -4.38557117e-01
 2.21218162e-01 -3.74720129e-02 -4.41060048e-01
 -2.23158757e-01 -1.17349171e-03 -4.50755672e-01
 2.23158870e-01 1.17471255e-03 -4.50754720e-01
 -2.21217888e-01 3.74734143e-02 -4.41060347e-01
 2.20825934e-01 4.14139994e-02 -4.38557411e-01
 -1.90500742e-01 1.12244029e-01 -4.66660396e-01
 1.89965829e-01 1.13990084e-01 -4.63365856e-01
 -1.70309932e-01 1.45750382e-01 -4.42743324e-01
 1.73353106e-01 1.42843066e-01 -4.38990828e-01
 -7.43429435e-02 2.09447364e-01 -4.57907038e-01
 7.36275982e-02 2.10970504e-01 -4.48471597e-01
 1.21518193e-01 -1.95187635e-01 -3.92634505e-01
 -1.73409800e-01 -1.50539371e-01 -3.95311301e-01
 1.75357556e-01 -1.47775485e-01 -3.98238798e-01
 -2.15848628e-01 -8.09917624e-02 -3.86775473e-01
 2.15848832e-01 -7.97457785e-02 -3.90894207e-01
 -2.25368175e-01 -4.28618784e-02 -3.97432663e-01
 2.25367709e-01 -4.23660456e-02 -3.98286612e-01
 -2.29192675e-01 -2.15249763e-04 -3.99412998e-01
 2.29192769e-01 2.15100422e-04 -3.99412131e-01
 -2.25367756e-01 4.23659777e-02 -3.98286300e-01
 2.25368202e-01 4.28604203e-02 -3.97434937e-01
 -2.15848170e-01 7.97468780e-02 -3.90896469e-01
 2.15850147e-01 8.09856576e-02 -3.86782360e-01
 -1.75354805e-01 1.47773866e-01 -3.98267786e-01
 1.73410804e-01 1.50540502e-01 -3.95297364e-01
 1.18873982e-01 1.97490434e-01 -3.87122824e-01
 -1.21530369e-01 -2.00776275e-01 -3.44540428e-01
 1.20522506e-01 -2.01051546e-01 -3.47622813e-01
 -1.78698157e-01 -1.51787812e-01 -3.47043027e-01
 1.77491644e-01 -1.52940793e-01 -3.48845636e-01
 -2.19140573e-01 -8.52101402e-02 -3.39803267e-01
 2.18891294e-01 -8.54140779e-02 -3.41550273e-01
 -2.30207856e-01 -4.31766162e-02 -3.49631188e-01
 2.30039460e-01 -4.37282452e-02 -3.50307003e-01
 -2.30039342e-01 4.37287876e-02 -3.50307165e-01
 2.30207732e-01 4.31714670e-02 -3.49642661e-01
 -2.18890775e-01 8.54162450e-02 -3.41546926e-01
 2.19149242e-01 8.51923320e-02 -3.39785258e-01
 -1.77490867e-01 1.52937561e-01 -3.48874643e-01
 1.78703705e-01 1.51786564e-01 -3.47006047e-01
 -1.20531938e-01 2.01053876e-01 -3.47548925e-01
 1.21520851e-01 2.00778410e-01 -3.44574233e-01
 -1.22998778e-01 -2.04498436e-01 -2.98038664e-01
 1.23544082e-01 -2.04135165e-01 -2.98414318e-01
 -1.81300405e-01 -1.54843448e-01 -3.00763554e-01
 1.81708591e-01 -1.54461949e-01 -2.99959843e-01
 -2.22633663e-01 -8.69427724e-02 -2.93263192e-01
 2.22804098e-01 -8.65119602e-02 -2.93230684e-01
 -2.34076393e-01 -4.51724840e-02 -3.01136219e-01
 2.34047098e-01 -4.50776698e-02 -3.01727287e-01
 -2.38556321e-01 -8.26185938e-05 -2.99088609e-01
 2.38556874e-01 8.41944923e-05 -2.99081543e-01
 -2.34047268e-01 4.50775240e-02 -3.01725517e-01
 2.34071992e-01 4.51777583e-02 -3.01178288e-01
 -2.22803658e-01 8.65106367e-02 -2.93242278e-01
 2.22641250e-01 8.69650370e-02 -2.93065343e-01
 -1.81700091e-01 1.54461170e-01 -3.00048637e-01
 1.81299396e-01 1.54858775e-01 -3.00647004e-01
 -1.23531948e-01 2.04167424e-01 -2.98141468e-01
 1.22997176e-01 2.04489899e-01 -2.98142946e-01
 -1.25400262e-01 -2.07094524e-01 -2.49371447e-01
 1.25253195e-01 -2.07326871e-01 -2.47457654e-01
 -1.84130154e-01 -1.56715049e-01 -2.54133181e-01
 1.84205217e-01 -1.57129078e-01 -2.49122965e-01
 -2.25628347e-01 -8.81815763e-02 -2.47090553e-01
 2.25650354e-01 -8.83440595e-02 -2.45837175e-01
 -2.37619745e-01 -4.57990325e-02 -2.51055544e-01
 2.37575604e-01 -4.58973349e-02 -2.51436418e-01
 -2.42111309e-01 3.18087661e-05 -2.49226415e-01
 2.42112611e-01 -2.65433053e-05 -2.49206196e-01
 -2.37575972e-01 4.58980055e-02 -2.51428893e-01
 2.37606678e-01 4.58167192e-02 -2.51201742e-01
 -2.25647065e-01 8.83436866e-02 -2.45887623e-01
 2.25662500e-01 8.82005071e-02 -2.46482673e-01
 -1.84143810e-01 1.57177072e-01 -2.49364807e-01
 1.84138282e-01 1.56728573e-01 -2.53905416e-01
 -1.25270328e-01 2.07381107e-01 -2.46590230e-01
 1.25380321e-01 2.07085551e-01 -2.49650948e-01
 -1.27066153e-01 -2.09456588e-01 -1.99283934e-01
 1.27404757e-01 -2.09377515e-01 -1.97142968e-01
 -1.86047662e-01 -1.58916560e-01 -2.05204060e-01
 1.86443796e-01 -1.59060973e-01 -1.97517297e-01
 -2.27941086e-01 -8.97077030e-02 -1.99815494e-01
 2.28128868e-01 -8.94690495e-02 -1.98091235e-01
 -2.40468266e-01 -4.65339665e-02 -2.00383758e-01
 2.40472135e-01 -4.64323415e-02 -2.00686425e-01
 -2.44972660e-01 -3.84394724e-05 -1.99535235e-01
 2.44975059e-01 3.00749428e-05 -1.99488119e-01
 -2.40474412e-01 4.64264672e-02 -2.00664505e-01
 2.40454055e-01 4.65140822e-02 -2.00730166e-01
 -2.28121108e-01 8.94679335e-02 -1.98242233e-01
 2.28040618e-01 8.96583780e-02 -1.98347246e-01
 1.86017090e-01 1.58985421e-01 -2.04793665e-01
 -1.27387673e-01 2.09519369e-01 -1.94895443e-01
 1.27055797e-01 2.09425751e-01 -1.99907140e-01
 -1.28451305e-01 -2.11290583e-01 -1.47325587e-01
 1.28723788e-01 -2.11015023e-01 -1.49818365e-01
 -1.87674228e-01 -1.60648697e-01 -1.53382152e-01
 1.87839246e-01 -1.60808402e-01 -1.47354027e-01
 -2.29831221e-01 -9.08469182e-02 -1.50967401e-01
 2.30008120e-01 -9.05121767e-02 -1.49869845e-01
 -2.42644025e-01 -4.71020711e-02 -1.49947839e-01
 2.42666378e-01 -4.69630957e-02 -1.50066476e-01
 -2.47179584e-01 -3.40137415e-05 -1.49786627e-01
 2.47183103e-01 5.49056203e-05 -1.49693583e-01
 -2.42665628e-01 4.69757808e-02 -1.50022339e-01
 2.42616076e-01 4.71093085e-02 -1.50633486e-01
 -2.29993285e-01 9.05173173e-02 -1.50184111e-01
 2.29993173e-01 9.07382841e-02 -1.48038065e-01
 -1.87930816e-01 1.60547061e-01 -1.50021309e-01
 1.87699917e-01 1.60675409e-01 -1.52428566e-01
 -1.28959372e-01 2.11106704e-01 -1.44412729e-01
 1.28123373e-01 2.11430615e-01 -1.48673952e-01
 -1.29139498e-01 -2.12757142e-01 -9.44363109e-02
 1.29533307e-01 -2.12203452e-01 -1.05133610e-01
 -1.88998721e-01 -1.61747827e-01 -9.93679121e-02
 1.89502956e-01 -1.61155660e-01 -9.93968132e-02
 -2.31226345e-01 -9.16464298e-02 -1.00821378e-01
 2.31313568e-01 -9.14144762e-02 -1.00989269e-01
 -2.44142739e-01 -4.76671453e-02 -9.97730569e-02
 2.44166476e-01 -4.75606536e-02 -9.96567201e-02
 -2.48748190e-01 -6.84325033e-05 -9.99466679e-02
 2.48752172e-01 -1.02515633e-04 -9.97874812e-02
 -2.44176051e-01 4.75186490e-02 -9.96019454e-02
 2.44178271e-01 4.73357398e-02 -1.00899925e-01
 -2.31282929e-01 9.14661220e-02 -1.01363129e-01
 2.31576611e-01 9.10385638e-02 -9.66853229e-02
 -1.89332742e-01 1.61193120e-01 -1.03529001e-01
 1.88975826e-01 1.61806659e-01 -9.85285569e-02
 -1.29599481e-01 2.12454612e-01 -9.52480937e-02
 1.28044515e-01 2.13379953e-01 -9.57996081e-02
 -1.29724246e-01 -2.13436504e-01 -4.31701155e-02
 1.29806016e-01 -2.13156235e-01 -5.86266278e-02
 -1.88983486e-01 -1.63250243e-01 -4.64068896e-02
 1.89420551e-01 -1.62682467e-01 -4.96821574e-02
 -2.33029296e-01 -8.96869380e-02 -4.95742462e-02
 2.32979500e-01 -8.97890186e-02 -5.03562606e-02
 -2.45435682e-01 -4.59053950e-02 -4.96420408e-02
 2.45433021e-01 -4.59335093e-02 -4.94360292e-02
 -2.49686744e-01 1.97801324e-04 -5.00385233e-02
 2.49688213e-01 8.88682309e-04 -4.98006668e-02
 -2.45348082e-01 4.63879321e-02 -4.93928868e-02
 2.45025094e-01 4.79455691e-02 -5.12134128e-02
 -2.32763928e-01 9.03459445e-02 -5.03689051e-02
 2.32296093e-01 9.17075953e-02 -4.52975846e-02
 -1.89599808e-01 1.62382670e-01 -5.42263631e-02
 1.89514077e-01 1.62664599e-01 -4.46574497e-02
 -1.29842984e-01 2.13335452e-01 -4.53932921e-02
 1.29270446e-01 2.13718678e-01 -4.26105147e-02
 -3.59943909e-03 -2.49974085e-01 1.11983803e-04
 -1.55822220e-01 -1.95497529e-01 -1.55746975e-03
 1.33175458e-01 -2.11565110e-01 -8.48691992e-03
 -1.95554836e-01 -1.55750299e-01 1.55289246e-03
 2.01589174e-01 -1.47857305e-01 -5.96771981e-04
 -2.26285070e-01 -1.06278213e-01 -3.71275261e-04
 2.27651867e-01 -1.03318088e-01 6.79862156e-05
 -2.43809421e-01 -5.52898329e-02 -1.03797646e-04
 2.43876925e-01 -5.49913149e-02 9.18159716e-05
 -2.43809434e-01 5.52897764e-02 1.03791622e-04
 2.45436201e-01 4.75497739e-02 -1.20198095e-03
 -2.26285179e-01 1.06277981e-01 3.71280069e-04
 2.32132471e-01 9.28065914e-02 4.82100529e-03
 1.90024723e-01 1.62434846e-01 9.40236677e-03
 -1.55826309e-01 1.95494271e-01 1.55776166e-03
 1.30874935e-01 2.12993404e-01 9.43307409e-03
 -1.29842961e-01 -2.13335512e-01 4.53898831e-02
 1.31211237e-01 -2.12555347e-01 4.07599235e-02
 -1.89599851e-01 -1.62382618e-01 5.42264886e-02
 1.89867790e-01 -1.62189878e-01 4.81108210e-02
 -2.32763920e-01 -9.03459649e-02 5.03689081e-02
 2.33204523e-01 -8.92250557e-02 4.97256493e-02
 -2.45348082e-01 -4.63879330e-02 4.93928638e-02
 2.45487815e-01 -4.56254670e-02 4.96466893e-02
 -2.49686743e-01 -1.97800899e-04 5.00385596e-02
 2.49685082e-01 8.57859270e-04 5.00597557e-02
 -2.45435682e-01 4.59053932e-02 4.96420245e-02
 2.45127922e-01 4.75681715e-02 4.89197157e-02
 -2.33029301e-01 8.96869235e-02 4.95742634e-02
 2.32375092e-01 9.11982328e-02 5.43616083e-02
 -1.88983462e-01 1.63250274e-01 4.64067623e-02
 1.90196667e-01 1.61557223e-01 5.99321602e-02
 -1.29723831e-01 2.13436710e-01 4.31737650e-02
 1.29870367e-01 2.13108739e-01 5.91070792e-02
 -1.29598546e-01 -2.12455211e-01 9.52470762e-02
 1.28541496e-01 -2.13108825e-01 9.48018927e-02
 -1.89332711e-01 -1.61193157e-01 1.03529005e-01
 1.89281188e-01 -1.61401504e-01 9.97746532e-02
 -2.31282929e-01 -9.14661181e-02 1.01363197e-01
 2.31259841e-01 -9.15653846e-02 1.00770353e-01
 -2.44176053e-01 -4.75186506e-02 9.96018329e-02
 2.44135834e-01 -4.77015693e-02 9.97801309e-02
 -2.48748185e-01 6.84320121e-05 9.99468471e-02
 2.48747850e-01 -2.76585727e-04 9.99544433e-02
 -2.44142741e-01 4.76671466e-02 9.97729679e-02
 2.44274004e-01 4.70333172e-02 9.94446837e-02
 -2.31226345e-01 9.16464282e-02 1.00821406e-01
 2.31614978e-01 9.05647783e-02 1.02178110e-01
 -1.88998751e-01 1.61747793e-01 9.93678963e-02
 1.89307945e-01 1.61067157e-01 1.07321799e-01
 -1.29140086e-01 2.12756757e-01 9.44373313e-02
 1.29197912e-01 2.12389603e-01 1.05720851e-01
 -1.28959552e-01 -2.11106608e-01 1.44412404e-01
 1.28175816e-01 -2.11426536e-01 1.48042152e-01
 -1.87930820e-01 -1.60547060e-01 1.50021259e-01
 1.87672517e-01 -1.60687369e-01 1.52766264e-01
 -2.29993271e-01 -9.05173140e-02 1.50184483e-01
 2.29840644e-01 -9.08303271e-02 1.50897572e-01
 -2.42665648e-01 -4.69757880e-02 1.50021790e-01
 2.42645459e-01 -4.70925669e-02 1.49958457e-01
 -2.47179553e-01 3.40140155e-05 1.49787449e-01
 2.47179871e-01 -7.88036719e-06 1.49779106e-01
 -2.42644040e-01 4.71020776e-02 1.49947423e-01
 2.42654252e-01 4.70230706e-02 1.50079693e-01
 -2.29831216e-01 9.08469177e-02 1.50967532e-01
 2.29999331e-01 9.05440499e-02 1.49777590e-01
 -1.87674230e-01 1.60648696e-01 1.53382138e-01
 1.87938971e-01 1.60413993e-01 1.52120686e-01
 -1.28451241e-01 2.11290609e-01 1.47325888e-01
 1.28721123e-01 2.10999485e-01 1.50204645e-01
 -1.27387644e-01 -2.09519391e-01 1.94895375e-01
 1.27055711e-01 -2.09442784e-01 1.99622305e-01
 -1.86267648e-01 -1.59197327e-01 1.98416713e-01
 1.86081139e-01 -1.58916698e-01 2.04716108e-01
 -2.28121020e-01 -8.94679077e-02 1.98244031e-01
 2.27940659e-01 -8.97130968e-02 1.99784542e-01
 -2.40474532e-01 -4.64264732e-02 2.00662186e-01
 2.40467765e-01 -4.65352259e-02 2.00388696e-01
 -2.44972494e-01 3.84507010e-05 1.99538491e-01
 2.44973079e-01 -3.58000121e-05 1.99527020e-01
 -2.40468346e-01 4.65340039e-02 2.00382076e-01
 2.40466962e-01 4.64404951e-02 2.00755403e-01
 -2.27941056e-01 8.97077047e-02 1.99816017e-01
 2.28136302e-01 8.94958120e-02 1.97760547e-01
 1.86240682e-01 1.59168183e-01 1.99194295e-01
 -1.27066122e-01 2.09456595e-01 1.99284142e-01
 1.27497515e-01 2.09324016e-01 1.97092457e-01
 -1.25270329e-01 -2.07381107e-01 2.46590214e-01
 1.25389634e-01 -2.07088221e-01 2.49540651e-01
 -1.84143801e-01 -1.57177157e-01 2.49364057e-01
 1.84169058e-01 -1.56703254e-01 2.53798286e-01
 -2.25646458e-01 -8.83439094e-02 2.45895254e-01
 2.25622806e-01 -8.81964813e-02 2.47086390e-01
 -2.37576511e-01 -4.58979019e-02 2.51421050e-01
 2.37619265e-01 -4.58027353e-02 2.51052007e-01
 -2.42110625e-01 -3.17879616e-05 2.49237047e-01
 2.42111120e-01 3.33320326e-05 2.49229351e-01
 -2.37620114e-01 4.57990398e-02 2.51049935e-01
 2.37570596e-01 4.59079171e-02 2.51481220e-01
 -2.25628202e-01 8.81816520e-02 2.47092237e-01
 2.25662461e-01 8.83522822e-02 2.45611987e-01
 -1.84130196e-01 1.56714993e-01 2.54133248e-01
 1.84123799e-01 1.57179405e-01 2.49577603e-01
 -1.25400772e-01 2.07094158e-01 2.49372204e-01
 1.25291053e-01 2.07308807e-01 2.47393143e-01
 -1.23531926e-01 -2.04167435e-01 2.98141489e-01
 1.23001886e-01 -2.04490039e-01 2.98110313e-01
 -1.81699940e-01 -1.54461646e-01 3.00046177e-01
 1.81309835e-01 -1.54853723e-01 3.00587908e-01
 -2.22801883e-01 -8.65093136e-02 2.93270097e-01
 2.22632308e-01 -8.69453282e-02 2.93267531e-01
 -2.34047522e-01 -4.50837433e-02 3.01707502e-01
 2.34077114e-01 -4.51745515e-02 3.01122293e-01
 -2.38554233e-01 8.33720521e-05 2.99115255e-01
 2.38554517e-01 -8.14264507e-05 2.99111645e-01
 -2.34077045e-01 4.51751766e-02 3.01121649e-01
 2.34044887e-01 4.50883736e-02 3.01729140e-01
 -2.22633006e-01 8.69436224e-02 2.93267141e-01
 2.22806000e-01 8.65227060e-02 2.93156819e-01
 -1.81300473e-01 1.54843433e-01 3.00763017e-01
 1.81693855e-01 1.54460406e-01 3.00115340e-01
 -1.22991383e-01 2.04502527e-01 2.98042584e-01
 1.23561037e-01 2.04127856e-01 2.98382003e-01
 -1.20531820e-01 -2.01053953e-01 3.47548868e-01
 1.21510969e-01 -2.00783884e-01 3.44578961e-01
 -1.77489205e-01 -1.52938311e-01 3.48882903e-01
 1.78704389e-01 -1.51788868e-01 3.46984286e-01
 -2.18877844e-01 -8.54269745e-02 3.41636563e-01
 2.19138470e-01 -8.52146690e-02 3.39806797e-01
 -2.30037333e-01 -4.37756796e-02 3.50234554e-01
 2.30210221e-01 -4.31827695e-02 3.49594105e-01
 -2.34240198e-01 -2.08972956e-04 3.49433502e-01
 2.34240355e-01 2.07521398e-04 3.49431834e-01
 -2.30210377e-01 4.31821085e-02 3.49593770e-01
 2.30037673e-01 4.37699964e-02 3.50242349e-01
 -2.19139282e-01 8.52117827e-02 3.39809999e-01
 2.18886267e-01 8.54081600e-02 3.41625487e-01
 -1.78699778e-01 1.51786351e-01 3.47039897e-01
 1.77489056e-01 1.52936600e-01 3.48896114e-01
 -1.21538974e-01 2.00773008e-01 3.44522331e-01
 1.20522566e-01 2.01051563e-01 3.47622327e-01
 1.18872381e-01 -1.97491051e-01 3.87125650e-01
 -1.75363147e-01 -1.47757355e-01 3.98307032e-01
 1.73413858e-01 -1.50537807e-01 3.95292350e-01
 -2.15843932e-01 -7.96629597e-02 3.91207566e-01
 2.15845177e-01 -8.09957705e-02 3.86792857e-01
 -2.25418554e-01 -4.22675574e-02 3.97993547e-01
 2.25380370e-01 -4.28468239e-02 3.97347981e-01
 -2.29191388e-01 2.69516059e-04 3.99424286e-01
 2.29191504e-01 -2.69251097e-04 3.99423220e-01
 -2.25380410e-01 4.28468703e-02 3.97347540e-01
 2.25418071e-01 4.22686393e-02 3.97996087e-01
 -2.15845175e-01 8.09959104e-02 3.86792409e-01
 2.15843567e-01 7.96650919e-02 3.91203838e-01
 -1.73409247e-01 1.50542344e-01 3.95297066e-01
 1.75362061e-01 1.47758438e-01 3.98308254e-01
 1.21510468e-01 1.95192124e-01 3.92637047e-01
 -7.43426551e-02 -2.09447302e-01 4.57908244e-01
 7.36332951e-02 -2.10967959e-01 4.48475782e-01
 -1.70337493e-01 -1.45698487e-01 4.42846959e-01
 1.73365895e-01 -1.42827263e-01 4.38992286e-01
 -1.90568420e-01 -1.12113264e-01 4.66721217e-01
 1.89925402e-01 -1.14035861e-01 4.63450780e-01
 -2.21238553e-01 -3.77155203e-02 4.40564041e-01
 2.20817401e-01 -4.15428821e-02 4.38431104e-01
 -2.23164346e-01 1.17363188e-03 4.50711387e-01
 2.23164731e-01 -1.17368192e-03 4.50708334e-01
 -2.20817435e-01 4.15432860e-02 4.38430213e-01
 2.21238454e-01 3.77150585e-02 4.40565470e-01
 -1.89925551e-01 1.14035063e-01 4.63452942e-01
 1.90568252e-01 1.12113691e-01 4.66720671e-01
 -1.73365912e-01 1.42827340e-01 4.38991781e-01
 1.70337997e-01 1.45698132e-01 4.42845728e-01
 -7.36334298e-02 2.10968090e-01 4.48474444e-01
 7.43422261e-02 2.09447601e-01 4.57907171e-01
 -7.70879481e-02 -2.01902513e-01 5.02678007e-01
 7.63538181e-02 -2.02679379e-01 4.99458327e-01
 -1.67347720e-01 -1.39529892e-01 4.90324786e-01
 1.66812964e-01 -1.40888041e-01 4.87015317e-01
 -1.83594647e-01 -1.10946615e-01 5.13557854e-01
 1.83933894e-01 -1.11188037e-01 5.10772640e-01
 -2.14762793e-01 -3.93011371e-02 4.87152761e-01
 2.14900529e-01 -3.79758827e-02 4.87862190e-01
 -2.16461591e-01 -4.77374795e-04 5.00306335e-01
 2.16463208e-01 4.76751262e-04 5.00295147e-01
 -2.14900818e-01 3.79754466e-02 4.87860699e-01
 2.14762424e-01 3.93018961e-02 4.87154384e-01
 -1.83934679e-01 1.11186428e-01 5.10773722e-01
 -1.66813801e-01 1.40887505e-01 4.87013213e-01
 1.67348220e-01 1.39530422e-01 4.90319645e-01
 -7.63531684e-02 2.02680691e-01 4.99451397e-01
 7.70885701e-02 2.01902881e-01 5.02674113e-01
 -7.16279219e-02 -1.96204621e-01 5.49518883e-01
 7.11727922e-02 -1.96658675e-01 5.47865663e-01
 -1.29679752e-01 -1.60689071e-01 5.63733046e-01
 1.30475968e-01 -1.60625726e-01 5.61076083e-01
 -1.80591864e-01 -1.03376531e-01 5.54254406e-01
 1.80736014e-01 -1.04328629e-01 5.50636438e-01
 -2.08903307e-01 -3.37491893e-02 5.32471979e-01
 2.08853345e-01 -3.38852446e-02 5.32647283e-01
 -2.07598463e-01 -4.78726470e-05 5.57176824e-01
 2.07602636e-01 3.97624774e-05 5.57151958e-01
 -2.08854185e-01 3.38799011e-02 5.32647454e-01
 2.08905060e-01 3.37438610e-02 5.32466380e-01
 -1.80736645e-01 1.04331317e-01 5.50624973e-01
 1.80585368e-01 1.03413161e-01 5.54178933e-01
 -1.30478236e-01 1.60635231e-01 5.61024097e-01
 1.29704261e-01 1.60672255e-01 5.63719521e-01
 -7.11682055e-02 1.96664179e-01 5.47843585e-01
 7.16323228e-02 1.96204520e-01 5.49510276e-01
 6.03364113e-05 -1.99090208e-01 6.04821766e-01
 -1.24978102e-01 -1.55578950e-01 6.02337637e-01
 1.24282633e-01 -1.56505730e-01 6.00796587e-01
 -1.79533820e-01 -8.88115393e-02 5.98399437e-01
 1.79512407e-01 -8.90384313e-02 5.97962587e-01
 -1.91263584e-01 -4.59741972e-02 6.17149765e-01
 1.91245761e-01 -4.61048652e-02 6.17082172e-01
 -1.99091384e-01 -7.24005959e-05 6.04815548e-01
 1.99097261e-01 5.62686636e-05 6.04784621e-01
 -1.91256952e-01 4.60360221e-02 6.17108910e-01
 1.91281083e-01 4.59751085e-02 6.17061897e-01
 -1.79546886e-01 8.89948443e-02 5.97900775e-01
 1.79601648e-01 8.87730089e-02 5.98165207e-01
 -1.24353717e-01 1.56454604e-01 6.00774302e-01
 1.25050002e-01 1.55538570e-01 6.02265726e-01
 -7.30217377e-05 1.99097360e-01 6.04784073e-01
 -1.21270788e-01 -1.48884089e-01 6.40336462e-01
 1.21366608e-01 -1.49029597e-01 6.39503877e-01
 -1.71332648e-01 -8.42906472e-02 6.45479179e-01
 1.71347160e-01 -8.44250268e-02 6.45136459e-01
 -1.83474336e-01 -4.43141195e-02 6.55724661e-01
 1.83555119e-01 -4.41135230e-02 6.55579323e-01
 1.89812306e-01 -6.32328302e-05 6.50799933e-01
 -1.83463800e-01 4.43918833e-02 6.55687669e-01
 1.83625361e-01 4.40520375e-02 6.55330692e-01
 -1.71378496e-01 8.44271367e-02 6.44998851e-01
 1.71360131e-01 8.45528978e-02 6.44813312e-01
 -1.21193012e-01 1.49091505e-01 6.39799684e-01
 1.21428686e-01 1.48729560e-01 6.40432257e-01
 -7.53017884e-02 -1.62316677e-01 6.98374537e-01
 7.53426981e-02 -1.62235234e-01 6.98606690e-01
 -1.36305121e-01 -1.09629467e-01 7.14448532e-01
 1.35905217e-01 -1.10047435e-01 7.14639311e-01
 -1.76205392e-01 -3.97113399e-02 6.91371614e-01
 1.76091880e-01 -3.99674839e-02 6.91598152e-01
 -1.78628081e-01 -6.65532064e-05 6.99622803e-01
 1.78647193e-01 -4.06291655e-04 6.99542882e-01
 -1.76238381e-01 3.95179455e-02 6.91414376e-01
 1.76221204e-01 3.96375752e-02 6.91374862e-01
 -1.36344096e-01 1.09454917e-01 7.14757680e-01
 1.35674665e-01 1.10362333e-01 7.14563260e-01
 -7.52538584e-02 1.62731922e-01 6.96909502e-01
 -7.15963642e-02 -1.50292317e-01 7.46042146e-01
 7.11624644e-02 -1.50540591e-01 7.45905454e-01
 -1.27607219e-01 -1.02371339e-01 7.56164075e-01
 1.27814108e-01 -1.02093125e-01 7.56206824e-01
 -1.66232093e-01 -3.45369668e-02 7.34020046e-01
 1.66585462e-01 -3.19566787e-02 7.34607971e-01
 -1.64080996e-01 4.19244188e-05 7.54479159e-01
 1.62839262e-01 2.35785253e-03 7.58712756e-01
 -1.66213931e-01 3.45800449e-02 7.34053401e-01
 1.67025205e-01 3.22765643e-02 7.32784328e-01
 -1.27559113e-01 1.02804029e-01 7.55354266e-01
 1.27946592e-01 9.98609676e-02 7.60604568e-01
 -7.47547188e-02 1.50415978e-01 7.40667436e-01
 7.23212414e-02 1.50779843e-01 7.43344625e-01
 -1.29887845e-04 -1.49733331e-01 8.00798728e-01
 1.24385871e-01 -8.90459140e-02 7.90938483e-01
 -1.35359969e-01 -5.21416089e-02 8.14458657e-01
 1.32548090e-01 -5.77738710e-02 8.15776280e-01
 -1.49768189e-01 2.56620349e-05 8.00694588e-01
 1.50259875e-01 -1.29325649e-02 7.97543415e-01
 -1.35362096e-01 5.20004427e-02 8.14597393e-01
 1.43042350e-01 3.66158701e-02 8.06951439e-01
 -1.25633428e-01 8.70054130e-02 7.91416955e-01
 1.27019209e-01 8.08659715e-02 7.98266273e-01
 -7.67041582e-02 -1.07722674e-01 8.48644074e-01
 7.68942173e-02 -1.06703327e-01 8.50427464e-01
 -1.26649560e-01 -3.63178340e-02 8.49855554e-01
 1.27872871e-01 -3.56377790e-02 8.47381638e-01
 -1.37260188e-01 -6.45886788e-05 8.35795541e-01
 1.36919642e-01 3.86189121e-04 8.36687396e-01
 -1.26699986e-01 3.64563361e-02 8.49640385e-01
 1.27026157e-01 4.18405069e-02 8.44878476e-01
 -7.59214858e-02 1.09383860e-01 8.46367288e-01
 7.78458005e-02 1.04509646e-01 8.53395715e-01
 -2.75811496e-02 -1.05436081e-01 8.99977894e-01
 2.67055884e-02 -1.04372216e-01 9.02381313e-01
 -8.28818515e-02 -5.90276347e-02 9.13422899e-01
 -1.19519564e-01 1.85779292e-04 8.78316930e-01
 1.20161947e-01 2.02346524e-03 8.76876385e-01
 2.65221204e-02 1.04418925e-01 9.02381429e-01
 -7.15523059e-02 -3.92042755e-02 9.45247416e-01
 7.18953148e-02 -3.96360912e-02 9.44542590e-01
 -7.03504745e-02 1.82760710e-04 9.59589724e-01
 7.02611984e-02 2.34701119e-04 9.59694192e-01
 -7.17442353e-02 3.94304915e-02 9.44864020e-01
 7.12699834e-02 4.07935671e-02 9.44512356e-01
 -3.41748616e-05 5.19636508e-05 9.99999969e-01
 -4.01144926e-02 -7.16452684e-02 -9.44523440e-01
 -5.18192227e-04 -7.03938297e-02 -9.59536890e-01
 4.00972509e-02 -7.14738857e-02 -9.44742879e-01
 -4.00760947e-02 7.18964860e-02 -9.44244053e-01
 -4.74877409e-04 7.02658433e-02 -9.59687331e-01
 3.89318133e-02 7.15032463e-02 -9.45486962e-01
 -1.30248867e-03 -1.19512443e-01 -8.78317295e-01
 -6.08462388e-02 -8.33229313e-02 -9.10867932e-01
 5.91562367e-02 -8.31274691e-02 -9.12932537e-01
 -1.04570679e-01 -2.72911480e-02 -9.01733144e-01
 -1.04675847e-01 2.67791189e-02 -9.01783530e-01
 1.05499308e-01 2.77246829e-02 -8.99788758e-01
 -6.16287029e-02 8.29872032e-02 -9.10516575e-01
 5.94850017e-02 8.23609360e-02 -9.13702015e-01
 1.49342476e-03 1.20109587e-01 -8.77008158e-01
 -3.64372473e-02 -1.27088651e-01 -8.48724237e-01
 -1.08668128e-04 -1.37237767e-01 -8.35854376e-01
 3.58931685e-02 -1.26697917e-01 -8.50028879e-01
 -1.07145863e-01 -7.69682254e-02 -8.49429515e-01
 1.06798320e-01 -7.70867397e-02 -8.49957679e-01
 1.07995332e-01 7.66399479e-02 -8.48182307e-01
 -3.54104982e-02 1.28043409e-01 -8.47122018e-01
 6.32203025e-04 1.36981355e-01 -8.36523366e-01
 4.17138046e-02 1.26585893e-01 -8.46035179e-01
 -5.28852506e-02 -1.34975206e-01 -8.14713142e-01
 5.16000153e-02 -1.35686052e-01 -8.14142333e-01
 8.63276845e-02 -1.25543629e-01 -7.92831162e-01
 -8.90732493e-02 1.24303049e-01 -7.91097549e-01
 -5.77880320e-02 1.32617040e-01 -8.15580914e-01
 -1.27259982e-02 1.50305160e-01 -7.97460045e-01
 3.72064639e-02 1.42758927e-01 -8.07322168e-01
 8.14750130e-02 1.26543503e-01 -7.98484205e-01
 -3.46489326e-02 -1.66297426e-01 -7.33698767e-01
 -8.30467639e-05 -1.64039131e-01 -7.54624744e-01
 3.45596165e-02 -1.66309053e-01 -7.33723999e-01
 -1.02494338e-01 -1.27531496e-01 -7.56101879e-01
 1.02233825e-01 -1.27416184e-01 -7.56976735e-01
 -1.50120610e-01 -7.17078346e-02 -7.46423890e-01
 1.50420226e-01 -7.13759375e-02 -7.45967625e-01
 -1.50577061e-01 7.11585630e-02 -7.45793618e-01
 1.50125780e-01 7.15085067e-02 -7.46713157e-01
 -1.02074765e-01 1.27803631e-01 -7.56274808e-01
 1.00334953e-01 1.27238562e-01 -7.61506354e-01
 -3.20411263e-02 1.66574153e-01 -7.34590148e-01
 2.38108421e-03 1.62856192e-01 -7.58653451e-01
 3.24063925e-02 1.66974968e-01 -7.32875823e-01
 -3.92426321e-02 -1.76514683e-01 -6.90536979e-01
 7.52469681e-04 -1.78524811e-01 -7.00038005e-01
 4.12342065e-02 -1.76335830e-01 -6.89410361e-01
 -1.09301795e-01 -1.36571876e-01 -7.14436732e-01
 1.09943593e-01 -1.35847360e-01 -7.15070919e-01
 1.62051731e-01 7.51147826e-02 -6.99679996e-01
 -1.10204131e-01 1.35842119e-01 -7.14444884e-01
 1.10474511e-01 1.35494276e-01 -7.14833503e-01
 -3.98570808e-02 1.76099260e-01 -6.91670022e-01
 -2.89978369e-04 1.78633414e-01 -6.99600106e-01
 3.97126777e-02 1.76216073e-01 -6.91326829e-01
 -8.27942724e-02 -1.72423915e-01 -6.43926727e-01
 -4.73034420e-02 -1.83445745e-01 -6.52503400e-01
 4.03003013e-02 -1.85078552e-01 -6.52647717e-01
 8.37098255e-02 -1.70887701e-01 -6.48568379e-01
 -1.48990989e-01 -1.21279341e-01 -6.39912576e-01
 1.49616513e-01 -1.20586395e-01 -6.39672670e-01
 -1.49440337e-01 1.20810327e-01 -6.39655540e-01
 1.49483637e-01 1.20760401e-01 -6.39644499e-01
 -8.45621894e-02 1.71287428e-01 -6.45102821e-01
 -4.42278251e-02 1.83526932e-01 -6.55582365e-01
 -1.13598777e-04 1.89809099e-01 -6.50814789e-01
 4.39709310e-02 1.83646621e-01 -6.55322525e-01
 8.45630368e-02 1.71335130e-01 -6.44898332e-01
 -8.67597037e-02 -1.79910097e-01 -6.01399846e-01
 -3.58406387e-02 -1.94567709e-01 -6.11344161e-01
 1.32424645e-02 -1.98607887e-01 -6.05039429e-01
 9.25820080e-02 -1.77795534e-01 -5.97559302e-01
 -1.54075481e-01 -1.26942312e-01 -6.01948778e-01
 1.57021218e-01 -1.23681756e-01 -6.00628474e-01
 -1.56620243e-01 1.24165327e-01 -6.00707195e-01
 1.54203423e-01 1.26885396e-01 -6.01616497e-01
 -8.90565147e-02 1.79513157e-01 -5.97915897e-01
 -4.61225379e-02 1.91238998e-01 -6.17094575e-01
 5.38994061e-05 1.99095990e-01 -6.04791321e-01
 4.59584537e-02 1.91280501e-01 -6.17084635e-01
 8.86131693e-02 1.79669183e-01 -5.98219903e-01
 -3.05364641e-02 -2.09367475e-01 -5.32658012e-01
 -3.73696914e-03 -2.06468605e-01 -5.63655925e-01
 3.05667528e-02 -2.09245072e-01 -5.33399264e-01
 -1.01314390e-01 -1.81005579e-01 -5.58173802e-01
 1.04312456e-01 -1.80719754e-01 -5.50770836e-01
 -1.60266954e-01 -1.30439242e-01 -5.62851421e-01
 1.61140140e-01 -1.30083698e-01 -5.60172643e-01
 -1.96332047e-01 -7.22437577e-02 -5.47497092e-01
 1.97733187e-01 -7.19734495e-02 -5.39946805e-01
 -1.97727371e-01 7.19932109e-02 -5.39938728e-01
 1.96338449e-01 7.22406216e-02 -5.47466984e-01
 -1.61065709e-01 1.30214436e-01 -5.60029113e-01
 1.60408734e-01 1.30340561e-01 -5.62570899e-01
 -1.04317468e-01 1.80740280e-01 -5.50647865e-01
 1.03376350e-01 1.80606119e-01 -5.54180623e-01
 -3.38799040e-02 2.08854003e-01 -5.32648587e-01
 3.66482469e-05 2.07602952e-01 -5.57150074e-01
 3.37424457e-02 2.08905811e-01 -5.32463100e-01
 -3.94072551e-02 -2.14658621e-01 -4.87749848e-01
 -3.34352388e-04 -2.16534432e-01 -4.99803611e-01
 3.82232051e-02 -2.14816866e-01 -4.88142615e-01
 -1.39704720e-01 -1.67274557e-01 -4.89927568e-01
 -1.11802962e-01 -1.83008669e-01 -5.13932674e-01
 1.11368157e-01 -1.83909768e-01 -5.10283547e-01
 1.40927436e-01 -1.66792738e-01 -4.86943784e-01
 -2.02140848e-01 -7.65266610e-02 -5.02517627e-01
 2.03117680e-01 -7.61887639e-02 -4.97006726e-01
 -2.03110235e-01 7.62060374e-02 -4.97013038e-01
 2.02132371e-01 7.65486487e-02 -5.02518600e-01
 -1.40830601e-01 1.66856630e-01 -4.87041792e-01
 -1.11090176e-01 1.84002062e-01 -5.10720494e-01
 1.39470832e-01 1.67415218e-01 -4.90224958e-01
 -3.79716536e-02 2.14901461e-01 -4.87860890e-01
 4.75794553e-04 2.16463274e-01 -5.00294704e-01
 3.92955210e-02 2.14763969e-01 -4.87151718e-01
 -3.74720529e-02 -2.21218156e-01 -4.41060045e-01
 1.17438505e-03 -2.23158906e-01 -4.50754452e-01
 4.14145345e-02 -2.20825840e-01 -4.38557354e-01
 -1.45736784e-01 -1.70331755e-01 -4.42680616e-01
 -1.12225251e-01 -1.90514687e-01 -4.66641566e-01
 1.13989379e-01 -1.89969253e-01 -4.63346169e-01
 1.42837544e-01 -1.73354577e-01 -4.39010280e-01
 -2.09469979e-01 -7.43603240e-02 -4.57696321e-01
 2.11155829e-01 -7.34537263e-02 -4.47531293e-01
 -2.11153439e-01 7.34593218e-02 -4.47534637e-01
 2.09470436e-01 7.43595785e-02 -4.57694914e-01
 -1.42821756e-01 1.73367651e-01 -4.39009862e-01
 -1.14035934e-01 1.89928826e-01 -4.63428044e-01
 1.12097338e-01 1.90581107e-01 -4.66699536e-01
 1.45684222e-01 1.70359587e-01 -4.42786063e-01
 -4.15435328e-02 2.20817297e-01 -4.38430949e-01
 -1.17444393e-03 2.23164931e-01 -4.50706724e-01
 3.77141113e-02 2.21238710e-01 -4.40564707e-01
 -7.97457090e-02 -2.15848966e-01 -3.90893251e-01
 -4.23660679e-02 -2.25367691e-01 -3.98286735e-01
 2.15165337e-04 -2.29192771e-01 -3.99412119e-01
 4.28605493e-02 -2.25368164e-01 -3.97435059e-01
 8.09857406e-02 -2.15850266e-01 -3.86781021e-01
 -1.47774987e-01 -1.75357177e-01 -3.98244423e-01
 1.50541629e-01 -1.73407554e-01 -3.95313301e-01
 -1.97477348e-01 1.18893119e-01 -3.87135600e-01
 1.95187500e-01 1.21520127e-01 -3.92625997e-01
 -1.50539433e-01 1.73410280e-01 -3.95307556e-01
 1.47758831e-01 1.75364390e-01 -3.98289511e-01
 -8.09961339e-02 2.15845254e-01 -3.86790958e-01
 -4.28470455e-02 2.25380315e-01 -3.97348092e-01
 -2.69476783e-04 2.29191543e-01 -3.99422862e-01
 4.22684498e-02 2.25418117e-01 -3.97995991e-01
 7.96632684e-02 2.15844615e-01 -3.91200527e-01
 -8.54163224e-02 -2.18890815e-01 -3.41546200e-01
 -4.37285811e-02 -2.30039395e-01 -3.50307022e-01
 4.31706746e-02 -2.30207885e-01 -3.49642619e-01
 8.51882871e-02 -2.19150478e-01 -3.39788725e-01
 -1.52938053e-01 -1.77491052e-01 -3.48869680e-01
 1.51784437e-01 -1.78698457e-01 -3.47064169e-01
 -2.01054213e-01 -1.20531789e-01 -3.47546629e-01
 2.00771599e-01 -1.21538237e-01 -3.44539626e-01
 -2.00776403e-01 1.21530386e-01 -3.44539143e-01
 2.01051850e-01 1.20522044e-01 -3.47622572e-01
 -1.51786605e-01 1.78699129e-01 -3.47043463e-01
 1.52935226e-01 1.77488548e-01 -3.48909894e-01
 -8.52118256e-02 2.19139296e-01 -3.39809681e-01
 -4.31822285e-02 2.30210341e-01 -3.49593916e-01
 4.37709399e-02 2.30037718e-01 -3.50239986e-01
 8.54134555e-02 2.18884325e-01 -3.41624214e-01
 -8.65105673e-02 -2.22803708e-01 -2.93242005e-01
 -4.50770566e-02 -2.34047310e-01 -3.01726115e-01
 8.44434437e-05 -2.38556866e-01 -2.99081644e-01
 4.51781688e-02 -2.34071930e-01 -3.01178076e-01
 8.69640859e-02 -2.22641873e-01 -2.93062297e-01
 -1.54461027e-01 -1.81700329e-01 -3.00047505e-01
 1.54847682e-01 -1.81290355e-01 -3.00825603e-01
 -2.04167332e-01 -1.23532187e-01 -2.98140893e-01
 2.04495695e-01 -1.22995492e-01 -2.98090449e-01
 -2.04498467e-01 1.22998785e-01 -2.98038272e-01
 2.04124202e-01 1.23566793e-01 -2.98383853e-01
 -1.54843422e-01 1.81300451e-01 -3.00763333e-01
 1.54459575e-01 1.81687209e-01 -3.00186550e-01
 -8.69435576e-02 2.22633039e-01 -2.93267053e-01
 -4.51748228e-02 2.34077097e-01 -3.01121853e-01
 -8.19643095e-05 2.38554424e-01 -2.99112828e-01
 4.50870124e-02 2.34045736e-01 -3.01721853e-01
 8.65192863e-02 2.22804398e-01 -2.93192455e-01
 -8.83434557e-02 -2.25647180e-01 -2.45887257e-01
 -4.58969967e-02 -2.37576045e-01 -2.51430736e-01
 -2.74915811e-05 -2.42112571e-01 -2.49206816e-01
 4.58127565e-02 -2.37607551e-01 -2.51200099e-01
 8.81850597e-02 -2.25668366e-01 -2.46485180e-01
 -1.57177059e-01 -1.84143846e-01 -2.49364508e-01
 1.56750666e-01 -1.84087025e-01 -2.54281602e-01
 -2.07381125e-01 -1.25270308e-01 -2.46590156e-01
 2.07093651e-01 -1.25375610e-01 -2.49581286e-01
 -2.07094508e-01 1.25400329e-01 -2.49371128e-01
 2.07300172e-01 1.25302954e-01 -2.47412484e-01
 -1.56714986e-01 1.84130211e-01 -2.54133149e-01
 1.57193265e-01 1.84095903e-01 -2.49767122e-01
 -8.81816035e-02 2.25628231e-01 -2.47092089e-01
 -4.57987568e-02 2.37620155e-01 -2.51050140e-01
 3.33297400e-05 2.42110916e-01 -2.49232530e-01
 4.59040986e-02 2.37572844e-01 -2.51458380e-01
 8.83476009e-02 2.25657217e-01 -2.45715992e-01
 -8.94688416e-02 -2.28120814e-01 -1.98241089e-01
 -4.64294479e-02 -2.40473648e-01 -2.00668127e-01
 2.89730022e-05 -2.44974940e-01 -1.99490460e-01
 4.65041294e-02 -2.40456450e-01 -2.00721158e-01
 8.96235991e-02 -2.28052004e-01 -1.98389270e-01
 -1.59197325e-01 -1.86267652e-01 -1.98416674e-01
 -2.09519484e-01 -1.27387552e-01 -1.94894731e-01
 2.09454984e-01 -1.27005519e-01 -1.99928307e-01
 -2.09456739e-01 1.27065996e-01 -1.99282996e-01
 2.09311878e-01 1.27507353e-01 -1.97196865e-01
 -1.58916625e-01 1.86047618e-01 -2.05203902e-01
 1.59137011e-01 1.86236283e-01 -1.99658057e-01
 -8.97079053e-02 2.27941009e-01 -1.99815436e-01
 -4.65341007e-02 2.40468371e-01 -2.00381235e-01
 -3.68473952e-05 2.44972727e-01 -1.99533931e-01
 4.64357248e-02 2.40470456e-01 -2.00706092e-01
 8.94879613e-02 2.28127447e-01 -1.97980719e-01
 -9.05139767e-02 -2.29994757e-01 -1.50180246e-01
 -4.69670129e-02 -2.42667202e-01 -1.50025536e-01
 5.02339295e-05 -2.47182901e-01 -1.49698942e-01
 4.70992645e-02 -2.42618846e-01 -1.50612353e-01
 9.07242102e-02 -2.29994143e-01 -1.48151919e-01
 -1.60546923e-01 -1.87930971e-01 -1.50020567e-01
 1.60615667e-01 -1.87673225e-01 -1.53954165e-01
 -2.11106153e-01 -1.28960546e-01 -1.44408835e-01
 2.11193348e-01 -1.28507436e-01 -1.48766042e-01
 -2.11290418e-01 1.28451816e-01 -1.47322254e-01
 2.11011885e-01 1.28680395e-01 -1.50484035e-01
 -1.60648619e-01 1.87674330e-01 -1.53381465e-01
 1.60333890e-01 1.87975177e-01 -1.52754798e-01
 -9.08427073e-02 2.29832993e-01 -1.50964787e-01
 -4.70896641e-02 2.42646710e-01 -1.49940663e-01
 -4.01663791e-06 2.47179451e-01 -1.49790187e-01
 4.70199027e-02 2.42658046e-01 -1.49997407e-01
 9.05081076e-02 2.29998882e-01 -1.50135755e-01
 -9.14883602e-02 -2.31274520e-01 -1.01349013e-01
 -4.75896645e-02 -2.44162531e-01 -9.95897242e-02
 -9.31711529e-05 -2.48751994e-01 -9.97947496e-02
 4.74020271e-02 -2.44166106e-01 -1.00873018e-01
 9.12073416e-02 -2.31510005e-01 -9.66923875e-02
 -1.61194809e-01 -1.89331323e-01 -1.03528458e-01
 1.62212250e-01 -1.88577638e-01 -1.00052829e-01
 -2.12458917e-01 -1.29593073e-01 -9.52339335e-02
 2.12629227e-01 -1.29255927e-01 -9.64752654e-02
 -2.12760973e-01 1.29133796e-01 -9.44229786e-02
 2.12359417e-01 1.29230615e-01 -1.06051015e-01
 -1.61749651e-01 1.88997211e-01 -9.93663510e-02
 1.61057246e-01 1.89304403e-01 -1.07659192e-01
 -9.16742728e-02 2.31215617e-01 -1.00810023e-01
 -4.77655458e-02 2.44124326e-01 -9.97409461e-02
 -3.34792993e-04 2.48747510e-01 -9.99651282e-02
 4.69603951e-02 2.44290595e-01 -9.93439570e-02
 9.04706702e-02 2.31639818e-01 -1.02610150e-01
 -9.02289571e-02 -2.32810052e-01 -5.03134143e-02
 -4.59580750e-02 -2.45429906e-01 -4.93180169e-02
 9.44252235e-04 -2.49687996e-01 -4.98017264e-02
 4.80902763e-02 -2.44997220e-01 -5.11762030e-02
 9.21962568e-02 -2.32106631e-01 -4.49643688e-02
 -1.62382621e-01 -1.89599821e-01 -5.42280063e-02
 1.62500723e-01 -1.89621057e-01 -4.68819402e-02
 -2.13337622e-01 -1.29840494e-01 -4.53440225e-02
 2.13943776e-01 -1.28821776e-01 -4.61321471e-02
 -2.13433184e-01 1.29730751e-01 -4.31200034e-02
 2.13100871e-01 1.29877823e-01 -5.92985830e-02
 -1.63248021e-01 1.88985408e-01 -4.64068015e-02
 1.61495354e-01 1.90249262e-01 -5.99291798e-02
 -8.96000493e-02 2.33063335e-01 -4.95278624e-02
 -4.55810916e-02 2.45497490e-01 -4.95332336e-02
 1.02320351e-03 2.49684528e-01 -5.00543157e-02
 4.78210142e-02 2.45079504e-01 -4.88568735e-02
 9.14686221e-02 2.32265579e-01 -5.45808966e-02
 -1.06606690e-01 -2.26130503e-01 3.78361115e-04
 -5.65672392e-02 -2.43516215e-01 9.15174862e-05
 4.75776704e-02 -2.45430824e-01 -1.10229744e-03
 9.34501359e-02 -2.31874694e-01 4.37849100e-03
 1.69073853e-01 -1.84154156e-01 4.52419612e-03
 2.49981351e-01 -3.05338002e-03 1.19813685e-04
 -1.95555647e-01 1.55749280e-01 -1.55291386e-03
 2.12987523e-01 1.30883908e-01 -9.56469948e-03
 1.62849394e-01 1.89670568e-01 -9.07792696e-03
 -1.06628088e-01 2.26120414e-01 -3.78819352e-04
 -5.66453872e-02 2.43498048e-01 -9.02121115e-05
 4.71131035e-02 2.45520395e-01 1.20797203e-03
 9.24912861e-02 2.32258299e-01 -4.80734116e-03
 -8.96037915e-02 -2.33061855e-01 4.95309806e-02
 -4.55835595e-02 -2.45496940e-01 4.95405631e-02
 1.06579791e-03 -2.49684460e-01 5.00454735e-02
 4.80715197e-02 -2.45029090e-01 4.89692555e-02
 9.23296043e-02 -2.31929912e-01 5.42232489e-02
 -1.63248250e-01 -1.88985208e-01 4.64068740e-02
 1.61712687e-01 -1.90105692e-01 5.78041908e-02
 -2.13433141e-01 -1.29730825e-01 4.31198418e-02
 2.14132478e-01 -1.28493062e-01 4.67871728e-02
 -2.13337658e-01 1.29840432e-01 4.53441602e-02
 2.13820602e-01 1.29090401e-01 4.31589828e-02
 -1.62382667e-01 1.89599781e-01 5.42280212e-02
 1.62609961e-01 1.89559581e-01 4.47510595e-02
 -9.02220800e-02 2.32812769e-01 5.03095995e-02
 -4.59379109e-02 2.45433753e-01 4.93122344e-02
 9.72233143e-04 2.49688018e-01 4.97913245e-02
 4.80329163e-02 2.45008243e-01 5.11937072e-02
 9.17713709e-02 2.32270141e-01 4.53602837e-02
 -9.16706453e-02 -2.31217034e-01 1.00810797e-01
 -4.77537791e-02 -2.44126555e-01 9.97438019e-02
 -3.02841050e-04 -2.48747755e-01 9.99570000e-02
 4.70425513e-02 -2.44273376e-01 9.93994695e-02
 9.07041848e-02 -2.31549534e-01 1.02572048e-01
 -1.61749444e-01 -1.88997386e-01 9.93664479e-02
 1.61346836e-01 -1.89080509e-01 1.07014729e-01
 -2.12760982e-01 -1.29133781e-01 9.44229720e-02
 2.12531485e-01 -1.29445138e-01 9.58602491e-02
 -2.12458920e-01 1.29593067e-01 9.52339600e-02
 2.13328288e-01 1.28104240e-01 9.63614311e-02
 -1.61194946e-01 1.89331208e-01 1.03528409e-01
 1.61737167e-01 1.89028744e-01 9.87297353e-02
 -9.14908628e-02 2.31273554e-01 1.01348138e-01
 -4.75989385e-02 2.44160772e-01 9.95878181e-02
 -1.21724196e-04 2.48752040e-01 9.97923941e-02
 4.73264222e-02 2.44180751e-01 1.00873815e-01
 9.10443428e-02 2.31572390e-01 9.67599599e-02
 -9.08433488e-02 -2.29832732e-01 1.50964971e-01
 -4.70915121e-02 -2.42646308e-01 1.49941798e-01
 -8.46947804e-06 -2.47179659e-01 1.49784700e-01
 4.70127518e-02 -2.42658317e-01 1.50026266e-01
 9.05079090e-02 -2.29998077e-01 1.50157410e-01
 -1.60648629e-01 -1.87674320e-01 1.53381501e-01
 1.60264932e-01 -1.88021412e-01 1.53001982e-01
 -2.11290417e-01 -1.28451815e-01 1.47322278e-01
 2.11113510e-01 -1.28923118e-01 1.44771033e-01
 -2.11106155e-01 1.28960544e-01 1.44408821e-01
 2.11336569e-01 1.28239329e-01 1.49212811e-01
 -1.60546913e-01 1.87930985e-01 1.50020467e-01
 1.60679571e-01 1.87680573e-01 1.52739152e-01
 -9.05135680e-02 2.29994913e-01 1.50180376e-01
 -4.69656595e-02 2.42667503e-01 1.50024522e-01
 5.44378628e-05 2.47182869e-01 1.49699778e-01
 4.71099368e-02 2.42616843e-01 1.50610575e-01
 9.07435992e-02 2.29987145e-01 1.48135736e-01
 -8.97078348e-02 -2.27941036e-01 1.99815446e-01
 -4.65339014e-02 -2.40468383e-01 2.00381740e-01
 -3.64598147e-05 -2.44972894e-01 1.99530646e-01
 4.64352466e-02 -2.40469685e-01 2.00722635e-01
 8.94818231e-02 -2.28129784e-01 1.97982016e-01
 -1.58916576e-01 -1.86047663e-01 2.05203861e-01
 -2.09456738e-01 -1.27065982e-01 1.99283151e-01
 2.09498598e-01 -1.27415856e-01 1.94957928e-01
 -2.09519497e-01 1.27387536e-01 1.94894678e-01
 2.09410886e-01 1.27038175e-01 2.00335037e-01
 -1.59197322e-01 1.86267665e-01 1.98416515e-01
 1.58973776e-01 1.86016523e-01 2.04946501e-01
 -8.94687241e-02 2.28120764e-01 1.98242855e-01
 -4.64289493e-02 2.40473873e-01 2.00665650e-01
 3.12316408e-05 2.44974746e-01 1.99494276e-01
 4.65128416e-02 2.40455052e-01 2.00715656e-01
 8.96537770e-02 2.28039433e-01 1.98402313e-01
 -8.81815919e-02 -2.25628235e-01 2.47092089e-01
 -4.57986905e-02 -2.37620153e-01 2.51050363e-01
 3.35974293e-05 -2.42111019e-01 2.49230918e-01
 4.59045653e-02 -2.37572213e-01 2.51466568e-01
 8.83463060e-02 -2.25658069e-01 2.45710920e-01
 -1.56714992e-01 -1.84130201e-01 2.54133206e-01
 1.57208894e-01 -1.84065041e-01 2.49973571e-01
 -2.07094139e-01 -1.25400832e-01 2.49371978e-01
 2.07358045e-01 -1.25310017e-01 2.46577887e-01
 -2.07381117e-01 1.25270328e-01 2.46590096e-01
 2.07080583e-01 1.25361471e-01 2.49868244e-01
 -1.57177143e-01 1.84143816e-01 2.49364006e-01
 1.56733817e-01 1.84126398e-01 2.53991495e-01
 -8.83436700e-02 2.25646574e-01 2.45894929e-01
 -4.58968183e-02 2.37576602e-01 2.51422845e-01
 -2.69917652e-05 2.42111857e-01 2.49217917e-01
 4.58153051e-02 2.37607676e-01 2.51190771e-01
 8.81968204e-02 2.25662386e-01 2.46505447e-01
 -8.69435469e-02 -2.22633039e-01 2.93267108e-01
 -4.51748011e-02 -2.34077094e-01 3.01121943e-01
 -8.18596667e-05 -2.38554470e-01 2.99112238e-01
 4.50868558e-02 -2.34045543e-01 3.01724624e-01
 8.65193659e-02 -2.22804718e-01 2.93188183e-01
 -1.54843433e-01 -1.81300474e-01 3.00763007e-01
 1.54461656e-01 -1.81675264e-01 3.00285068e-01
 -2.04502528e-01 -1.22991386e-01 2.98042551e-01
 2.04155622e-01 -1.23554149e-01 2.98123582e-01
 -2.04167433e-01 1.23531931e-01 2.98141478e-01
 2.04485087e-01 1.22994273e-01 2.98214907e-01
 -1.54461646e-01 1.81699941e-01 3.00046163e-01
 1.54856094e-01 1.81297525e-01 3.00687154e-01
 -8.65092364e-02 2.22801922e-01 2.93269997e-01
 -4.50833351e-02 2.34047543e-01 3.01708214e-01
 8.49852051e-05 2.38554767e-01 2.99108439e-01
 4.51803177e-02 2.34072792e-01 3.01162199e-01
 8.69649558e-02 2.22640437e-01 2.93075621e-01
 -8.52118117e-02 -2.19139273e-01 3.39809974e-01
 -4.31823609e-02 -2.30210318e-01 3.49593898e-01
 2.07809684e-04 -2.34240320e-01 3.49432210e-01
 4.37714284e-02 -2.30037490e-01 3.50241408e-01
 8.54141906e-02 -2.18884564e-01 3.41618822e-01
 -1.51786352e-01 -1.78699777e-01 3.47039899e-01
 1.52931306e-01 -1.77487796e-01 3.48943502e-01
 -2.00773007e-01 -1.21538977e-01 3.44522317e-01
 2.01053999e-01 -1.20531103e-01 3.47552418e-01
 -2.01053956e-01 1.20531817e-01 3.47548858e-01
 2.00774229e-01 1.21526300e-01 3.44582470e-01
 -1.52938315e-01 1.77489205e-01 3.48882883e-01
 1.51784785e-01 1.78703714e-01 3.47018422e-01
 -8.54270030e-02 2.18877843e-01 3.41636458e-01
 -4.37758307e-02 2.30037272e-01 3.50234893e-01
 -2.10203279e-04 2.34240424e-01 3.49431066e-01
 4.31768778e-02 2.30210303e-01 3.49604891e-01
 8.51938712e-02 2.19147891e-01 3.39793023e-01
 -8.09959395e-02 -2.15845159e-01 3.86792454e-01
 -4.28468318e-02 -2.25380415e-01 3.97347557e-01
 -2.69341046e-04 -2.29191423e-01 3.99423969e-01
 4.22685352e-02 -2.25418146e-01 3.97995589e-01
 7.96647265e-02 -2.15843829e-01 3.91202718e-01
 -1.50542338e-01 -1.73409249e-01 3.95297090e-01
 1.47757360e-01 -1.75361423e-01 3.98319147e-01
 -1.95195207e-01 1.21508655e-01 3.92621505e-01
 1.97489843e-01 1.18875298e-01 3.87121180e-01
 -1.47757345e-01 1.75363164e-01 3.98306971e-01
 1.50541736e-01 1.73410167e-01 3.95294315e-01
 -7.96630362e-02 2.15843959e-01 3.91207079e-01
 -4.22676699e-02 2.25418467e-01 3.97994144e-01
 2.69273967e-04 2.29191518e-01 3.99423092e-01
 4.28456778e-02 2.25380336e-01 3.97350263e-01
 8.09902414e-02 2.15846718e-01 3.86797622e-01
 -4.15433210e-02 -2.20817437e-01 4.38430148e-01
 -1.17366806e-03 -2.23164335e-01 4.50711472e-01
 3.77153287e-02 -2.21238573e-01 4.40564142e-01
 -1.42827322e-01 -1.73365905e-01 4.38991919e-01
 -1.14034968e-01 -1.89925497e-01 4.63453673e-01
 1.12112213e-01 -1.90568541e-01 4.66724465e-01
 1.45697884e-01 -1.70337787e-01 4.42848322e-01
 -2.10967637e-01 -7.36339351e-02 4.48476525e-01
 2.09447534e-01 -7.43425573e-02 4.57906799e-01
 -2.09447360e-01 7.43426288e-02 4.57907888e-01
 2.10968371e-01 7.36329513e-02 4.48473588e-01
 -1.45698788e-01 1.70337294e-01 4.42846602e-01
 -1.12114454e-01 1.90568183e-01 4.66718190e-01
 1.14036093e-01 1.89925408e-01 4.63449825e-01
 1.42828919e-01 1.73364189e-01 4.38994447e-01
 -3.77152165e-02 2.21238453e-01 4.40565264e-01
 1.17366388e-03 2.23164747e-01 4.50708215e-01
 4.15429006e-02 2.20817352e-01 4.38431465e-01
 -3.79752994e-02 -2.14900847e-01 4.87860681e-01
 4.77048396e-04 -2.16461559e-01 5.00306560e-01
 3.93013251e-02 -2.14762803e-01 4.87152448e-01
 -1.40887711e-01 -1.66813511e-01 4.87013848e-01
 -1.11186288e-01 -1.83934283e-01 5.10776491e-01
 1.10950869e-01 -1.83590345e-01 5.13567755e-01
 1.39528901e-01 -1.67349248e-01 4.90320958e-01
 -2.02679833e-01 -7.63516811e-02 4.99460604e-01
 2.01902721e-01 -7.70884339e-02 5.02675474e-01
 -2.01902737e-01 7.70880149e-02 5.02676400e-01
 2.02680457e-01 7.63552683e-02 4.99447779e-01
 -1.39531075e-01 1.67346892e-01 4.90323923e-01
 -1.10950311e-01 1.83594160e-01 5.13547863e-01
 1.40887775e-01 1.66813272e-01 4.87014858e-01
 -3.93017691e-02 2.14762460e-01 4.87154293e-01
 -4.77067469e-04 2.16463203e-01 5.00295182e-01
 3.79758964e-02 2.14900515e-01 4.87862275e-01
 -3.38822848e-02 -2.08853711e-01 5.32647997e-01
 4.45171990e-05 -2.07598680e-01 5.57175538e-01
 3.37480437e-02 -2.08903992e-01 5.32468839e-01
 -1.04326569e-01 -1.80737449e-01 5.50635147e-01
 1.03392602e-01 -1.80586319e-01 5.54235349e-01
 -1.60644610e-01 -1.30468392e-01 5.61017763e-01
 1.60681229e-01 -1.29695298e-01 5.63711590e-01
 -1.96654568e-01 -7.11773205e-02 5.47879839e-01
 1.96201914e-01 -7.16351322e-02 5.49519308e-01
 -1.96207294e-01 7.16253147e-02 5.49509049e-01
 1.96670618e-01 7.11603055e-02 5.47823020e-01
 -1.60681622e-01 1.29687532e-01 5.63738386e-01
 1.60615134e-01 1.30486460e-01 5.61085553e-01
 -1.03394150e-01 1.80591069e-01 5.54205960e-01
 1.04333241e-01 1.80735222e-01 5.50626615e-01
 -3.37459472e-02 2.08904486e-01 5.32467867e-01
 -4.20629278e-05 2.07602334e-01 5.57153755e-01
 3.38831505e-02 2.08853795e-01 5.32646593e-01
 -8.89974427e-02 -1.79536655e-01 5.97943741e-01
 -4.60887852e-02 -1.91242724e-01 6.17116447e-01
 4.59683010e-02 -1.91272422e-01 6.17112968e-01
 8.87844343e-02 -1.79560650e-01 5.98334988e-01
 -1.56462279e-01 -1.24362757e-01 6.00712375e-01
 1.55531166e-01 -1.25063203e-01 6.02252459e-01
 -1.55585593e-01 1.24967820e-01 6.02344315e-01
 1.56500269e-01 1.24265035e-01 6.00877583e-01
 -8.88106270e-02 1.79564438e-01 5.98254596e-01
 -4.60032986e-02 1.91274703e-01 6.17059928e-01
 4.60559118e-02 1.91260027e-01 6.17069914e-01
 8.90364986e-02 1.79522509e-01 5.97918664e-01
 -8.45016061e-02 -1.71304046e-01 6.45159233e-01
 -4.43714424e-02 -1.83481992e-01 6.55628354e-01
 4.42949473e-02 -1.83495198e-01 6.55651983e-01
 8.42975306e-02 -1.71359619e-01 6.45350228e-01
 -1.49066854e-01 -1.21285401e-01 6.39611440e-01
 1.48840846e-01 -1.21276424e-01 6.40480216e-01
 -1.48793711e-01 1.21401398e-01 6.40276592e-01
 1.49012418e-01 1.21305115e-01 6.39754557e-01
 -8.44776014e-02 1.71348902e-01 6.45018929e-01
 -4.39776916e-02 1.83641355e-01 6.55338879e-01
 7.54543245e-05 1.89810385e-01 6.50808878e-01
 4.41470338e-02 1.83532911e-01 6.55642708e-01
 8.43450542e-02 1.71427834e-01 6.44960894e-01
 -3.95144039e-02 -1.76236460e-01 6.91425448e-01
 2.66552563e-05 -1.78634396e-01 6.99597047e-01
 3.96962998e-02 -1.76219170e-01 6.91329247e-01
 -1.09527274e-01 -1.36122496e-01 7.15255952e-01
 1.09795191e-01 -1.36337786e-01 7.13941444e-01
 -1.62230754e-01 -7.53227210e-02 6.98657800e-01
 1.62529506e-01 -7.49789944e-02 6.98138212e-01
 -1.62302507e-01 7.52177987e-02 6.98572016e-01
 -1.10473962e-01 1.35528066e-01 7.14732364e-01
 1.10104153e-01 1.36059087e-01 7.14030813e-01
 -3.97242182e-02 1.76207731e-01 6.91350240e-01
 3.42457066e-04 1.78639391e-01 6.99575307e-01
 3.99688273e-02 1.76092784e-01 6.91593223e-01
 -3.46434745e-02 -1.66206166e-01 7.34033679e-01
 -8.37484661e-05 -1.64094886e-01 7.54430767e-01
 3.44153800e-02 -1.66276664e-01 7.33949891e-01
 -1.02361278e-01 -1.27326021e-01 7.56943887e-01
 1.02060906e-01 -1.28264393e-01 7.55055676e-01
 -1.50282834e-01 -7.15432114e-02 7.46154288e-01
 1.50804321e-01 -7.23751702e-02 7.43181178e-01
 -1.50289210e-01 7.15208022e-02 7.46168113e-01
 1.50662438e-01 7.44477214e-02 7.40360632e-01
 -1.00325609e-01 1.27329728e-01 7.61282208e-01
 1.02517656e-01 1.28019164e-01 7.54731462e-01
 -3.24441563e-02 1.66975224e-01 7.32848158e-01
 -2.35560674e-03 1.62868581e-01 7.58612170e-01
 3.19391366e-02 1.66581669e-01 7.34633940e-01
 -5.23023216e-02 -1.35242779e-01 8.14605259e-01
 5.21303644e-02 -1.35341249e-01 8.14519946e-01
 8.60842778e-02 -1.26229311e-01 7.91511547e-01
 -8.19348590e-02 1.26443375e-01 7.97984979e-01
 -3.76262555e-02 1.42492653e-01 8.07763417e-01
 1.25265488e-02 1.50355531e-01 7.97358638e-01
 5.74361458e-02 1.32745558e-01 8.15644099e-01
 8.97602015e-02 1.24079213e-01 7.90417158e-01
 -3.60943995e-02 -1.26663945e-01 8.49973546e-01
 -3.08844258e-04 -1.37231764e-01 8.35869345e-01
 3.62379728e-02 -1.27233811e-01 8.48512737e-01
 -1.07705340e-01 -7.69361301e-02 8.48343248e-01
 1.05077134e-01 -7.76172668e-02 8.52613449e-01
 -1.06776500e-01 7.72428055e-02 8.49774822e-01
 1.07947523e-01 7.64218936e-02 8.48594381e-01
 -4.06456385e-02 1.26416733e-01 8.47270835e-01
 -2.82990411e-04 1.37046044e-01 8.36356879e-01
 3.57940877e-02 1.27972378e-01 8.47035809e-01
 1.47745536e-03 -1.19554662e-01 8.78220929e-01
 -5.94023585e-02 -8.27822575e-02 9.13178692e-01
 -1.05213268e-01 -2.75450103e-02 9.00412710e-01
 -1.05068724e-01 2.74017396e-02 9.00752645e-01
 1.04844328e-01 2.66507675e-02 9.01531173e-01
 -6.40121953e-04 1.19996790e-01 8.77271778e-01
 -3.95237837e-02 -7.16116403e-02 9.44962590e-01
 4.87509844e-04 -7.03230637e-02 9.59620167e-01
 4.01634483e-02 -7.15520838e-02 9.44603170e-01
 -3.93473564e-02 7.13959340e-02 9.45341472e-01
 3.86698736e-04 7.03030157e-02 9.59644405e-01
 3.91824655e-02 7.20721459e-02 9.44629792e-01
 -2.66091281e-02 1.04771091e-01 -9.01687066e-01
 7.63715307e-02 -1.08755437e-01 -8.47014939e-01
 -1.25590985e-01 -8.64794378e-02 -7.92446453e-01
 -7.51622429e-02 -1.62483310e-01 -6.97994970e-01
 7.51769101e-02 -1.62039437e-01 -6.99618788e-01
 -7.51295530e-02 1.62507720e-01 -6.97960355e-01
 -1.89702204e-01 1.79680255e-03 -6.51273771e-01
 -1.94554542e-01 3.58995423e-02 -6.11355911e-01
 1.83845728e-01 1.11462778e-01 -5.10322210e-01
 -1.18892941e-01 -1.97477173e-01 -3.87137899e-01
 -1.21510211e-01 1.95193971e-01 -3.92623631e-01
 -2.34244350e-01 1.97175047e-04 -3.49389084e-01
 2.34244566e-01 -1.98303051e-04 -3.49386756e-01
 -1.86267635e-01 1.59197328e-01 -1.98416893e-01
 -3.80977605e-03 2.49970968e-01 -1.21434653e-04
 -1.86047688e-01 1.58916533e-01 2.05204021e-01
 -1.21508660e-01 -1.95195201e-01 3.92621526e-01
 -1.18874198e-01 1.97492746e-01 3.87102886e-01
 1.83589884e-01 1.10955046e-01 5.13555953e-01
 -1.89818751e-01 6.45354540e-06 6.50769906e-01
 7.49123301e-02 1.62502150e-01 6.98354571e-01
 -1.25590606e-01 -8.65047937e-02 7.92403134e-01
 8.26243031e-02 -6.12882644e-02 9.11411856e-01
 -8.27058226e-02 5.97731581e-02 9.12902330e-01
 8.34182127e-02 6.00490860e-02 9.11574542e-01
 -2.77216671e-02 1.05636472e-01 8.99532722e-01
 1.04712330e-01 -2.71387417e-02 -9.01543714e-01
 -1.06288222e-01 7.69339232e-02 -8.51201367e-01
 -8.67102428e-02 -1.25668767e-01 -7.91845387e-01
 -1.62042108e-01 -7.51780785e-02 -6.99606880e-01
 1.62487729e-01 -7.51663072e-02 -6.97971508e-01
 -1.62466021e-01 7.50937493e-02 -6.98177292e-01
 -1.78534289e-03 -1.89698992e-01 -6.51289244e-01
 5.66424969e-02 -1.88833582e-01 -6.14927713e-01
 1.10884241e-01 1.83635347e-01 -5.13540565e-01
 -1.95189561e-01 -1.21519324e-01 -3.92613586e-01
 1.97476735e-01 -1.18894309e-01 -3.87134755e-01
 -1.98440676e-04 -2.34244567e-01 -3.49386745e-01
 2.07775451e-04 2.34240324e-01 -3.49432171e-01
 1.59016883e-01 -1.85941003e-01 -2.05507142e-01
 -2.50000000e-01 -1.08008436e-08 5.70821686e-09
 1.59113777e-01 -1.86229371e-01 2.00057090e-01
 -1.97492774e-01 -1.18874149e-01 3.87102895e-01
 1.95193574e-01 -1.21512402e-01 3.92615944e-01
 1.11188056e-01 1.83934318e-01 5.10770131e-01
 -2.20379429e-05 -1.89820615e-01 6.50761198e-01
 1.62769399e-01 7.52586150e-02 6.96761236e-01
 -8.63642625e-02 -1.25814011e-01 7.92081296e-01
 6.10214836e-02 -8.31531926e-02 9.10928538e-01
 1.04833394e-01 -2.66467469e-02 9.01553419e-01
 -5.87832141e-02 8.28571210e-02 9.13710950e-01
 6.17374992e-02 8.23198285e-02 9.11367562e-01
 -3.87271282e-02 -3.84055440e-02 -9.75911666e-01
 -3.79881644e-04 -3.94896690e-02 -9.87444554e-01
 3.81925396e-02 -3.88129353e-02 -9.75990869e-01
 -3.94150031e-02 3.86587502e-04 -9.87492243e-01
 3.95202968e-02 -4.09385076e-04 -9.87424760e-01
 -3.84193462e-02 3.87822231e-02 -9.75867967e-01
 4.06198902e-04 3.94707758e-02 -9.87456473e-01
 3.87134253e-02 3.83000795e-02 -9.75986677e-01
 1.27123355e-03 -9.41061017e-02 -9.26433381e-01
 -9.39392200e-02 3.19447250e-05 -9.26718270e-01
 9.43036968e-02 8.61465260e-04 -9.26119393e-01
 4.68621864e-04 9.40130309e-02 -9.26596615e-01
 -6.02049981e-02 -1.02969545e-01 -8.78841337e-01
 6.41223624e-02 -1.00527360e-01 -8.78931829e-01
 -1.02378575e-01 -6.09789921e-02 -8.79092168e-01
 1.01502431e-01 -6.18588459e-02 -8.79733957e-01
 -1.02600598e-01 6.02462013e-02 -8.79486328e-01
 1.00365953e-01 6.43036901e-02 -8.79015002e-01
 -5.84711629e-02 1.04084394e-01 -8.78613108e-01
 6.20607533e-02 1.01233264e-01 -8.80002629e-01
 -1.01161285e-01 -1.01952814e-01 -8.18506134e-01
 1.02819205e-01 -1.00346725e-01 -8.18376403e-01
 -1.03244366e-01 9.93598731e-02 -8.19445827e-01
 1.02994068e-01 1.00708166e-01 -8.17313523e-01
 -4.11328640e-02 -1.51010147e-01 -7.79784823e-01
 4.10738100e-02 -1.51137636e-01 -7.79439360e-01
 -1.51061718e-01 -4.11196356e-02 -7.79636152e-01
 1.51046678e-01 -4.11121480e-02 -7.79689090e-01
 -1.51121687e-01 4.08301245e-02 -7.79693649e-01
 1.51056709e-01 4.11450119e-02 -7.79630258e-01
 -4.77338452e-02 1.50142061e-01 -7.76441539e-01
 3.18811019e-02 1.38140135e-01 -8.23659137e-01
 4.96718444e-02 1.50954511e-01 -7.71963145e-01
 -1.11302093e-01 -1.46681899e-01 -6.76417206e-01
 1.12123356e-01 -1.45718991e-01 -6.77576017e-01
 -1.45721244e-01 -1.12124163e-01 -6.77566127e-01
 1.46678076e-01 -1.11306060e-01 -6.76420023e-01
 -1.47207287e-01 1.10674420e-01 -6.76238862e-01
 1.45845302e-01 1.11982970e-01 -6.77512652e-01
 -1.12048331e-01 1.45835740e-01 -6.77372673e-01
 1.11469039e-01 1.46287400e-01 -6.77343635e-01
 -5.32832515e-02 -1.97627836e-01 -5.74165601e-01
 -3.37698294e-02 -1.92351785e-01 -6.24312607e-01
 4.70133090e-02 -1.98884992e-01 -5.75979287e-01
 -1.98885387e-01 -4.70110627e-02 -5.75980037e-01
 1.97627566e-01 -5.32845729e-02 -5.74165127e-01
 -1.92351465e-01 3.37695939e-02 -6.24314390e-01
 1.92351383e-01 -3.37719687e-02 -6.24312736e-01
 -1.97617046e-01 5.33111482e-02 -5.74183591e-01
 1.98897000e-01 4.69802597e-02 -5.75956088e-01
 -4.32009987e-02 1.99110353e-01 -5.79499660e-01
 4.35599762e-02 1.99058343e-01 -5.79355565e-01
 -1.51647839e-01 -1.48671267e-01 -5.27633013e-01
 1.48671316e-01 -1.51647784e-01 -5.27633046e-01
 -1.48463578e-01 1.51793664e-01 -5.27897715e-01
 1.51319135e-01 1.49019163e-01 -5.27572684e-01
 -1.07352232e-01 -1.98989468e-01 -4.26683766e-01
 9.79035394e-02 -2.03958344e-01 -4.25504703e-01
 -2.03957556e-01 -9.79058099e-02 -4.25502393e-01
 1.98989216e-01 -1.07352905e-01 -4.26682938e-01
 -1.98983647e-01 1.07361028e-01 -4.26691797e-01
 2.03955569e-01 9.79086370e-02 -4.25507220e-01
 -9.78664585e-02 2.03968481e-01 -4.25563437e-01
 1.07284657e-01 1.99027503e-01 -4.26671875e-01
 -9.78710874e-02 -2.03965688e-01 4.25567828e-01
 1.07293316e-01 -1.99021437e-01 4.26682305e-01
 -1.99020530e-01 -1.07296175e-01 4.26677577e-01
 2.03965566e-01 -9.78717402e-02 4.25566361e-01
 -2.03965717e-01 9.78710550e-02 4.25567720e-01
 1.99021114e-01 1.07294366e-01 4.26680492e-01
 -1.07296053e-01 1.99020649e-01 4.26677179e-01
 9.78693097e-02 2.03966431e-01 4.25568668e-01
 -1.48810296e-01 -1.51466531e-01 5.27839157e-01
 1.51458006e-01 -1.48819356e-01 5.27837425e-01
 -1.51466676e-01 1.48810802e-01 5.27836209e-01
 1.48819790e-01 1.51458222e-01 5.27834475e-01
 -4.31845953e-02 -1.99113774e-01 5.79500417e-01
 4.35954966e-02 -1.99046389e-01 5.79378530e-01
 -1.99040182e-01 -4.36133317e-02 5.79391173e-01
 1.99110166e-01 -4.32077865e-02 5.79492593e-01
 -1.99114023e-01 4.31875065e-02 5.79495573e-01
 1.99050543e-01 4.35888843e-02 5.79363660e-01
 -4.36049879e-02 1.99046375e-01 5.79367183e-01
 4.32084422e-02 1.99110852e-01 5.79488038e-01
 -1.11739568e-01 -1.46096727e-01 6.77288893e-01
 1.11389191e-01 -1.46546509e-01 6.76657300e-01
 -1.46361878e-01 -1.11439197e-01 6.77164750e-01
 1.46146960e-01 -1.11590901e-01 6.77507632e-01
 -1.46485327e-01 1.11288965e-01 6.77132959e-01
 1.46208845e-01 1.11703076e-01 6.76998038e-01
 -1.11650472e-01 1.46133069e-01 6.77398535e-01
 1.11003737e-01 1.46697365e-01 6.77147588e-01
 -4.11097636e-02 -1.51049117e-01 7.79683541e-01
 4.08064022e-02 -1.51138585e-01 7.79661113e-01
 -1.51054041e-01 -4.11272765e-02 7.79653499e-01
 1.50125352e-01 -4.77283788e-02 7.76498608e-01
 1.38163465e-01 3.18622374e-02 8.23608205e-01
 -1.51002755e-01 4.12433953e-02 7.79714311e-01
 1.51036480e-01 4.95560172e-02 7.71825708e-01
 -4.95516018e-02 1.50963641e-01 7.72058215e-01
 -3.18857225e-02 1.38115797e-01 8.23721578e-01
 4.78229291e-02 1.50066848e-01 7.76586465e-01
 -1.01329044e-01 -1.01941899e-01 8.18195812e-01
 9.97704614e-02 -1.02868443e-01 8.19404062e-01
 -1.04011637e-01 9.95221733e-02 8.17576091e-01
 1.01401817e-01 1.01609733e-01 8.18712488e-01
 -6.38012136e-02 -1.00525763e-01 8.79308603e-01
 5.96781055e-02 -1.03278455e-01 8.78836363e-01
 -1.00640753e-01 -6.35806876e-02 8.79353717e-01
 1.03613051e-01 -5.87941935e-02 8.79159402e-01
 -1.01032452e-01 6.28458159e-02 8.79480275e-01
 1.02737180e-01 6.02413117e-02 8.79236544e-01
 -6.39186717e-02 1.00256461e-01 8.79663985e-01
 5.78088948e-02 1.04236519e-01 8.79025641e-01
 -9.44052098e-04 -9.40427134e-02 9.26542622e-01
 -9.43371003e-02 -2.15306455e-04 9.26070971e-01
 9.38351671e-02 4.81815512e-04 9.26884927e-01
 -1.48975586e-03 9.41933198e-02 9.26286341e-01
 -3.82810492e-02 -3.87892362e-02 9.75950462e-01
 3.60073863e-04 -3.94518731e-02 9.87468846e-01
 3.88082131e-02 -3.84144126e-02 9.75854543e-01
 -3.95240410e-02 -4.41206915e-04 9.87422143e-01
 3.94156492e-02 3.07989214e-04 9.87492273e-01
 -3.86368265e-02 3.83185414e-02 9.76023648e-01
 -3.77673200e-04 3.95000914e-02 9.87437898e-01
 3.84648288e-02 3.86568340e-02 9.75918900e-01
