 -1.03040139e-01 -4.16707786e-02 -8.95734569e-01
 1.02256900e-01 -3.99360134e-02 -8.98431001e-01
 -1.02253893e-01 3.99371423e-02 -8.98435674e-01
 1.03021779e-01 4.16955273e-02 -8.95749932e-01
 -1.28210625e-01 -6.15268628e-02 -8.22449812e-01
 1.28208903e-01 -5.83298620e-02 -8.26172906e-01
 -1.28210678e-01 5.82994499e-02 -8.26202846e-01
 1.28210796e-01 6.15205526e-02 -8.22456937e-01
 1.02507845e-01 -1.45586196e-01 -7.01960700e-01
 -1.78597016e-01 -3.25054096e-02 -6.87563865e-01
 1.78836834e-01 -3.39513771e-02 -6.85445151e-01
 -1.78593590e-01 3.44255233e-02 -6.86081197e-01
 1.78381670e-01 3.28935862e-02 -6.88162679e-01
 -1.02558977e-01 1.45559087e-01 -7.01931147e-01
 1.01399366e-01 1.46111052e-01 -7.02791338e-01
 -1.08149416e-01 -1.66399961e-01 -6.08141522e-01
 1.08262152e-01 -1.66261636e-01 -6.08425839e-01
 -1.96811476e-01 -4.31755338e-02 -5.91961032e-01
 1.97169459e-01 -4.22417338e-02 -5.91132343e-01
 -1.97151111e-01 4.17897927e-02 -5.91743901e-01
 1.96797146e-01 4.26572991e-02 -5.92638012e-01
 -1.08231932e-01 1.66296964e-01 -6.08357380e-01
 1.08183543e-01 1.66361743e-01 -6.08211695e-01
 1.83705280e-01 -1.18430393e-01 -4.85413015e-01
 -2.11893199e-01 -4.43694682e-02 -5.00121946e-01
 2.11891515e-01 -4.49304939e-02 -4.99331339e-01
 -2.11876385e-01 4.49490689e-02 -4.99407311e-01
 2.11877534e-01 4.43882793e-02 -5.00201422e-01
 -1.83705805e-01 1.18431673e-01 -4.85404843e-01
 1.84215151e-01 1.18698199e-01 -4.81256948e-01
 -1.88085118e-01 -1.32260231e-01 -3.92555110e-01
 1.89035591e-01 -1.30764070e-01 -3.93269438e-01
 -2.24334556e-01 -4.71857254e-02 -3.98948908e-01
 2.24288594e-01 -4.73163063e-02 -3.99114900e-01
 -2.24288111e-01 4.73153293e-02 -3.99121095e-01
 -1.89035726e-01 1.30764009e-01 -3.93268732e-01
 1.88085182e-01 1.32260207e-01 -3.92554751e-01
 -1.96313944e-01 -1.35902293e-01 -2.96415979e-01
 1.96741416e-01 -1.35091954e-01 -2.97804754e-01
 -2.33311232e-01 -4.93439183e-02 -3.00161201e-01
 2.33414110e-01 -4.90027499e-02 -2.99775482e-01
 -2.33414074e-01 4.90027594e-02 -2.99775910e-01
 2.33311195e-01 4.93439260e-02 -3.00161643e-01
 -1.96741422e-01 1.35091952e-01 -2.97804701e-01
 1.96313946e-01 1.35902295e-01 -2.96415950e-01
 -2.02002692e-01 -1.38765715e-01 -1.97544477e-01
 2.01994245e-01 -1.38544617e-01 -2.00148509e-01
 -2.39794016e-01 -4.99295927e-02 -2.00234489e-01
 2.39837055e-01 -4.98528028e-02 -1.99715211e-01
 -2.39837053e-01 4.98528024e-02 -1.99715236e-01
 2.39794015e-01 4.99295924e-02 -2.00234514e-01
 -2.01994245e-01 1.38544617e-01 -2.00148506e-01
 2.02002692e-01 1.38765715e-01 -1.97544476e-01
 -2.05228180e-01 -1.40653464e-01 -9.78159205e-02
 2.05390767e-01 -1.40264295e-01 -1.01237195e-01
 -2.43576578e-01 -5.04210332e-02 -1.00253279e-01
 2.43632567e-01 -5.02204730e-02 -9.96856223e-02
 -2.43632567e-01 5.02204730e-02 -9.96856235e-02
 2.43576578e-01 5.04210332e-02 -1.00253280e-01
 -2.05390767e-01 1.40264295e-01 -1.01237195e-01
 2.05228180e-01 1.40653464e-01 -9.78159204e-02
 -2.06392375e-01 -1.41074311e-01 1.90283263e-03
 2.06392375e-01 -1.41074311e-01 -1.90283262e-03
 -2.44851955e-01 -5.04729082e-02 -2.98783640e-04
 2.44851955e-01 -5.04729082e-02 2.98783730e-04
 -2.44851955e-01 5.04729081e-02 2.98783631e-04
 2.44851955e-01 5.04729081e-02 -2.98783741e-04
 -2.06392375e-01 1.41074310e-01 -1.90283261e-03
 2.06392375e-01 1.41074311e-01 1.90283263e-03
 -2.05390767e-01 -1.40264294e-01 1.01237195e-01
 2.05228180e-01 -1.40653464e-01 9.78159204e-02
 -2.43632567e-01 -5.02204730e-02 9.96856235e-02
 2.43576578e-01 -5.04210332e-02 1.00253280e-01
 -2.43576578e-01 5.04210332e-02 1.00253279e-01
 2.43632567e-01 5.02204729e-02 9.96856223e-02
 -2.05228180e-01 1.40653464e-01 9.78159205e-02
 2.05390767e-01 1.40264294e-01 1.01237195e-01
 -2.01994245e-01 -1.38544617e-01 2.00148507e-01
 2.02002692e-01 -1.38765716e-01 1.97544476e-01
 -2.39837053e-01 -4.98528025e-02 1.99715236e-01
 2.39794015e-01 -4.99295925e-02 2.00234514e-01
 -2.39794016e-01 4.99295926e-02 2.00234489e-01
 2.39837055e-01 4.98528028e-02 1.99715211e-01
 -2.02002692e-01 1.38765715e-01 1.97544477e-01
 2.01994245e-01 1.38544617e-01 2.00148508e-01
 -1.96741417e-01 -1.35091957e-01 2.97804716e-01
 1.96313946e-01 -1.35902295e-01 2.96415951e-01
 -2.33414074e-01 -4.90027596e-02 2.99775910e-01
 2.33311195e-01 -4.93439260e-02 3.00161643e-01
 -2.33311232e-01 4.93439183e-02 3.00161202e-01
 2.33414110e-01 4.90027497e-02 2.99775483e-01
 -1.96313944e-01 1.35902293e-01 2.96415978e-01
 1.96741420e-01 1.35091949e-01 2.97804739e-01
 -1.89035668e-01 -1.30764074e-01 3.93268828e-01
 1.88085179e-01 -1.32260209e-01 3.92554762e-01
 -2.24288109e-01 -4.73153387e-02 3.99121096e-01
 2.24334029e-01 -4.71848062e-02 3.98955385e-01
 -2.24334555e-01 4.71857234e-02 3.98948916e-01
 -1.88085121e-01 1.32260229e-01 3.92555099e-01
 1.89035649e-01 1.30764005e-01 3.93269343e-01
 1.84215154e-01 -1.18698213e-01 4.81256873e-01
 -2.11876388e-01 -4.49490544e-02 4.99407307e-01
 2.11877598e-01 -4.43880455e-02 5.00201317e-01
 -2.11893134e-01 4.43697025e-02 5.00122054e-01
 2.11891511e-01 4.49305082e-02 4.99331344e-01
 -1.84214663e-01 1.18698201e-01 4.81259929e-01
 1.83705270e-01 1.18430459e-01 4.85412815e-01
 -1.08263208e-01 -1.66261166e-01 6.08424885e-01
 1.08152431e-01 -1.66397127e-01 6.08145352e-01
 -1.97151169e-01 -4.17894550e-02 5.91743975e-01
 -1.96811487e-01 4.31755024e-02 5.91961009e-01
 1.97169397e-01 4.22420791e-02 5.91132281e-01
 -1.08180547e-01 1.66364576e-01 6.08207823e-01
 1.08230911e-01 1.66297409e-01 6.08358338e-01
 -1.02502484e-01 -1.45589204e-01 7.01963244e-01
 1.01461997e-01 -1.46075056e-01 7.02766435e-01
 1.78381717e-01 -3.28932097e-02 6.88162770e-01
 1.78836899e-01 3.39509251e-02 6.85445236e-01
 -1.01400149e-01 1.46109847e-01 7.02793539e-01
 1.02564419e-01 1.45555843e-01 7.01929189e-01
 -1.28212298e-01 -5.83069999e-02 8.26190297e-01
 1.28207123e-01 -6.14998278e-02 8.22490897e-01
 -1.28209699e-01 6.14980772e-02 8.22486569e-01
 1.28211095e-01 5.83326570e-02 8.26164307e-01
 -1.02389599e-01 -3.97476386e-02 8.98322842e-01
 1.02853923e-01 -4.17415611e-02 8.96024222e-01
 1.02395961e-01 3.97398502e-02 8.98316753e-01
 -3.97476386e-02 -1.02389599e-01 -8.98322843e-01
 4.17213129e-02 -1.02868844e-01 -8.96011903e-01
 -4.17415612e-02 1.02853923e-01 -8.96024222e-01
 3.97398501e-02 1.02395961e-01 -8.98316753e-01
 -5.83069998e-02 -1.28212298e-01 -8.26190297e-01
 6.14980773e-02 -1.28209699e-01 -8.22486569e-01
 -6.14998279e-02 1.28207123e-01 -8.22490897e-01
 5.83326570e-02 1.28211095e-01 -8.26164308e-01
 -3.44255084e-02 -1.78593603e-01 -6.86081157e-01
 3.25055301e-02 -1.78596835e-01 -6.87564528e-01
 1.46109847e-01 -1.01400149e-01 -7.02793540e-01
 -1.46075056e-01 1.01461997e-01 -7.02766435e-01
 1.45555843e-01 1.02564419e-01 -7.01929189e-01
 -3.28932097e-02 1.78381717e-01 -6.88162770e-01
 3.39509251e-02 1.78836899e-01 -6.85445236e-01
 -4.17894550e-02 -1.97151169e-01 -5.91743975e-01
 4.31755024e-02 -1.96811487e-01 -5.91961009e-01
 -1.66261167e-01 -1.08263208e-01 -6.08424885e-01
 1.66364576e-01 -1.08180547e-01 -6.08207823e-01
 -1.66397127e-01 1.08152431e-01 -6.08145352e-01
 1.66297409e-01 1.08230911e-01 -6.08358338e-01
 -4.26573295e-02 1.96797124e-01 -5.92638091e-01
 4.22420791e-02 1.97169397e-01 -5.91132281e-01
 -4.49490544e-02 -2.11876388e-01 -4.99407307e-01
 4.43697024e-02 -2.11893134e-01 -5.00122054e-01
 1.18698201e-01 -1.84214663e-01 -4.81259929e-01
 -1.18698213e-01 1.84215154e-01 -4.81256873e-01
 -4.43880455e-02 2.11877598e-01 -5.00201317e-01
 4.49305082e-02 2.11891511e-01 -4.99331344e-01
 1.18430459e-01 1.83705270e-01 -4.85412815e-01
 -1.30764074e-01 -1.89035668e-01 -3.93268828e-01
 -4.73153387e-02 -2.24288109e-01 -3.99121096e-01
 4.71857234e-02 -2.24334555e-01 -3.98948916e-01
 1.32260229e-01 -1.88085121e-01 -3.92555099e-01
 -1.32260209e-01 1.88085179e-01 -3.92554762e-01
 -4.71848062e-02 2.24334029e-01 -3.98955385e-01
 1.30764005e-01 1.89035649e-01 -3.93269343e-01
 -1.35091957e-01 -1.96741417e-01 -2.97804716e-01
 -4.90027596e-02 -2.33414074e-01 -2.99775910e-01
 4.93439183e-02 -2.33311232e-01 -3.00161202e-01
 1.35902293e-01 -1.96313944e-01 -2.96415978e-01
 -1.35902295e-01 1.96313946e-01 -2.96415951e-01
 -4.93439260e-02 2.33311195e-01 -3.00161643e-01
 4.90027497e-02 2.33414110e-01 -2.99775483e-01
 1.35091949e-01 1.96741420e-01 -2.97804739e-01
 -1.38544617e-01 -2.01994245e-01 -2.00148507e-01
 -4.98528025e-02 -2.39837053e-01 -1.99715236e-01
 4.99295926e-02 -2.39794016e-01 -2.00234489e-01
 1.38765715e-01 -2.02002692e-01 -1.97544477e-01
 -1.38765715e-01 2.02002692e-01 -1.97544476e-01
 -4.99295925e-02 2.39794015e-01 -2.00234514e-01
 4.98528028e-02 2.39837055e-01 -1.99715211e-01
 1.38544617e-01 2.01994245e-01 -2.00148508e-01
 -1.40264294e-01 -2.05390767e-01 -1.01237195e-01
 -5.02204730e-02 -2.43632567e-01 -9.96856235e-02
 5.04210332e-02 -2.43576578e-01 -1.00253279e-01
 1.40653464e-01 -2.05228180e-01 -9.78159205e-02
 -1.40653464e-01 2.05228180e-01 -9.78159204e-02
 -5.04210332e-02 2.43576578e-01 -1.00253280e-01
 5.02204729e-02 2.43632567e-01 -9.96856223e-02
 1.40264294e-01 2.05390767e-01 -1.01237195e-01
 -1.41074311e-01 -2.06392375e-01 -1.90283260e-03
 -5.04729082e-02 -2.44851955e-01 2.98783629e-04
 5.04729081e-02 -2.44851955e-01 -2.98783641e-04
 1.41074311e-01 -2.06392375e-01 1.90283263e-03
 -1.41074311e-01 2.06392375e-01 1.90283264e-03
 -5.04729082e-02 2.44851955e-01 -2.98783741e-04
 5.04729081e-02 2.44851955e-01 2.98783727e-04
 1.41074311e-01 2.06392375e-01 -1.90283261e-03
 -1.40653464e-01 -2.05228180e-01 9.78159205e-02
 -5.04210332e-02 -2.43576578e-01 1.00253279e-01
 5.02204729e-02 -2.43632567e-01 9.96856235e-02
 1.40264295e-01 -2.05390767e-01 1.01237195e-01
 -1.40264295e-01 2.05390767e-01 1.01237195e-01
 -5.02204730e-02 2.43632567e-01 9.96856223e-02
 5.04210332e-02 2.43576578e-01 1.00253280e-01
 1.40653464e-01 2.05228180e-01 9.78159204e-02
 -1.38765715e-01 -2.02002692e-01 1.97544477e-01
 -4.99295927e-02 -2.39794016e-01 2.00234489e-01
 4.98528024e-02 -2.39837053e-01 1.99715236e-01
 1.38544617e-01 -2.01994245e-01 2.00148506e-01
 -1.38544617e-01 2.01994245e-01 2.00148509e-01
 -4.98528028e-02 2.39837055e-01 1.99715211e-01
 4.99295924e-02 2.39794015e-01 2.00234514e-01
 1.38765715e-01 2.02002692e-01 1.97544476e-01
 -1.35902293e-01 -1.96313944e-01 2.96415979e-01
 -4.93439183e-02 -2.33311232e-01 3.00161201e-01
 4.90027594e-02 -2.33414074e-01 2.99775910e-01
 1.35091952e-01 -1.96741422e-01 2.97804701e-01
 -1.35091954e-01 1.96741416e-01 2.97804754e-01
 -4.90027499e-02 2.33414110e-01 2.99775483e-01
 4.93439260e-02 2.33311195e-01 3.00161643e-01
 1.35902295e-01 1.96313946e-01 2.96415950e-01
 -1.32260231e-01 -1.88085118e-01 3.92555110e-01
 -4.71857254e-02 -2.24334556e-01 3.98948908e-01
 4.73153293e-02 -2.24288111e-01 3.99121095e-01
 1.30764009e-01 -1.89035726e-01 3.93268733e-01
 -1.30764070e-01 1.89035591e-01 3.93269438e-01
 -4.73163062e-02 2.24288594e-01 3.99114900e-01
 1.32260207e-01 1.88085182e-01 3.92554751e-01
 -4.43694682e-02 -2.11893199e-01 5.00121946e-01
 4.49490689e-02 -2.11876385e-01 4.99407311e-01
 1.18431673e-01 -1.83705805e-01 4.85404843e-01
 -1.18430393e-01 1.83705280e-01 4.85413015e-01
 -4.49304939e-02 2.11891515e-01 4.99331339e-01
 4.43882794e-02 2.11877534e-01 5.00201422e-01
 1.18698199e-01 1.84215151e-01 4.81256948e-01
 -4.31755338e-02 -1.96811476e-01 5.91961032e-01
 4.17897927e-02 -1.97151111e-01 5.91743901e-01
 -1.66399961e-01 -1.08149416e-01 6.08141522e-01
 1.66296964e-01 -1.08231932e-01 6.08357380e-01
 -1.66261636e-01 1.08262152e-01 6.08425839e-01
 1.66361743e-01 1.08183543e-01 6.08211695e-01
 4.26572991e-02 1.96797146e-01 5.92638011e-01
 -1.46073647e-01 -1.01462958e-01 7.02768899e-01
 1.45559087e-01 -1.02558977e-01 7.01931147e-01
 -1.45586196e-01 1.02507845e-01 7.01960700e-01
 1.46111052e-01 1.01399366e-01 7.02791338e-01
 -3.39513771e-02 1.78836834e-01 6.85445151e-01
 3.28935862e-02 1.78381670e-01 6.88162679e-01
 -6.15268627e-02 -1.28210625e-01 8.22449812e-01
 5.82994500e-02 -1.28210678e-01 8.26202845e-01
 -5.83298620e-02 1.28208903e-01 8.26172906e-01
 6.15205525e-02 1.28210796e-01 8.22456938e-01
 -4.16707785e-02 -1.03040139e-01 8.95734570e-01
 -3.99360135e-02 1.02256900e-01 8.98431001e-01
 4.16955271e-02 1.03021779e-01 8.95749933e-01
 -1.01462958e-01 -1.46073647e-01 -7.02768899e-01
 -1.84214667e-01 -1.18698215e-01 -4.81259855e-01
 2.24334029e-01 4.71848042e-02 -3.98955393e-01
 2.24288596e-01 4.73162970e-02 3.99114898e-01
 -1.83705814e-01 -1.18431607e-01 4.85405045e-01
 1.96797124e-01 -4.26573295e-02 5.92638091e-01
 -1.78593603e-01 -3.44255083e-02 6.86081157e-01
 -1.78596835e-01 3.25055301e-02 6.87564528e-01
 -1.02868844e-01 4.17213128e-02 8.96011904e-01
 -1.45589204e-01 -1.02502484e-01 -7.01963244e-01
 -1.18431607e-01 -1.83705814e-01 -4.85405045e-01
 4.73162970e-02 2.24288596e-01 -3.99114898e-01
 4.71848042e-02 2.24334029e-01 3.98955393e-01
 -1.18698215e-01 -1.84214667e-01 4.81259854e-01
 -4.22417338e-02 1.97169459e-01 5.91132343e-01
 -3.25054096e-02 -1.78597016e-01 6.87563865e-01
 3.44255233e-02 -1.78593590e-01 6.86081197e-01
 3.99371423e-02 -1.02253893e-01 8.98435674e-01
 -4.27998043e-02 -4.13071373e-02 -9.71282844e-01
 4.01303207e-02 -4.18048656e-02 -9.72764399e-01
 -4.01288612e-02 4.18028239e-02 -9.72766766e-01
 4.27979627e-02 4.13058793e-02 -9.71284999e-01
 -5.10027659e-02 -1.50678015e-01 -7.71438695e-01
 4.85733023e-02 -1.51444135e-01 -7.71547105e-01
 -1.51446436e-01 -4.85674075e-02 -7.71545815e-01
 1.50703125e-01 -5.09986738e-02 -7.71364540e-01
 -1.50676124e-01 5.10066418e-02 -7.71440504e-01
 1.51431827e-01 4.85538411e-02 -7.71605354e-01
 -4.85588967e-02 1.51429575e-01 -7.71607336e-01
 5.09963204e-02 1.50704441e-01 -7.71362915e-01
 -1.51107083e-01 -1.45562779e-01 -5.43737099e-01
 1.45566019e-01 -1.51103977e-01 -5.43737029e-01
 -1.45569688e-01 1.51100334e-01 -5.43737511e-01
 1.51097227e-01 1.45572929e-01 -5.43737441e-01
 -1.45562779e-01 -1.51107083e-01 5.43737099e-01
 1.51100334e-01 -1.45569688e-01 5.43737511e-01
 -1.51103977e-01 1.45566019e-01 5.43737028e-01
 1.45572929e-01 1.51097227e-01 5.43737441e-01
 -4.85674075e-02 -1.51446436e-01 7.71545815e-01
 5.10066417e-02 -1.50676124e-01 7.71440504e-01
 -1.50678015e-01 -5.10027659e-02 7.71438695e-01
 1.51429575e-01 -4.85588967e-02 7.71607336e-01
 -1.51444135e-01 4.85733023e-02 7.71547105e-01
 1.50704442e-01 5.09963204e-02 7.71362915e-01
 -5.09986738e-02 1.50703125e-01 7.71364540e-01
 4.85538412e-02 1.51431827e-01 7.71605354e-01
 -4.13071375e-02 -4.27998042e-02 9.71282844e-01
 4.18028237e-02 -4.01288614e-02 9.72766766e-01
 -4.18048655e-02 4.01303207e-02 9.72764399e-01
 4.13058795e-02 4.27979626e-02 9.71284998e-01
