2.885000000000000342e-01 2.269703687419144553e+05
5.770000000000000684e-01 1.230658860844525625e+05
8.655000000000001581e-01 9.094817720957074198e+04
1.154000000000000137e+00 6.600510854704827943e+04
1.442500000000000115e+00 5.146274920836525416e+04
1.731000000000000316e+00 5.087374194791055925e+04
2.019500000000000295e+00 4.384535488487297698e+04
2.308000000000000274e+00 3.745665443717097514e+04
2.596500000000000252e+00 3.390450925854872185e+04
2.885000000000000231e+00 3.164086880935002773e+04
3.173500000000000210e+00 2.900650028188482611e+04
3.462000000000000632e+00 3.271845832557952963e+04
3.750500000000000611e+00 2.798032722223419114e+04
4.039000000000000590e+00 2.583832852045940308e+04
4.327500000000000568e+00 2.470430595681239356e+04
4.616000000000000547e+00 2.340983775882006012e+04
4.904500000000000526e+00 2.379026006020159912e+04
5.193000000000000504e+00 2.378601592119968700e+04
5.481500000000000483e+00 2.197343142310040639e+04
5.770000000000000462e+00 2.244712668281881270e+04
6.058500000000000441e+00 2.144579915844133939e+04
6.347000000000000419e+00 2.034073167384075350e+04
6.635500000000000398e+00 2.128623203343474961e+04
6.924000000000001265e+00 2.019485495022593386e+04
7.212500000000001243e+00 1.878153514629945857e+04
7.501000000000001222e+00 1.918977605772579045e+04
7.789500000000001201e+00 1.954012783799030149e+04
8.078000000000001180e+00 1.987069549707149054e+04
8.366500000000000270e+00 2.165392726928768025e+04
8.655000000000001137e+00 1.933308123851585333e+04
8.943500000000000227e+00 2.021268555093519535e+04
9.232000000000001094e+00 2.064242331446416574e+04
9.520500000000001961e+00 2.232383004707063083e+04
9.809000000000001052e+00 1.839714333478714980e+04
1.009750000000000192e+01 1.964683458921737474e+04
1.038600000000000101e+01 1.872744865608136024e+04
1.067450000000000188e+01 1.775014507883646365e+04
1.096300000000000097e+01 1.895749597332734629e+04
1.125150000000000183e+01 2.129805877233780848e+04
1.154000000000000092e+01 1.949148556801745144e+04
1.182850000000000179e+01 2.020619702276431781e+04
1.211700000000000088e+01 2.040649980377438624e+04
1.240550000000000175e+01 1.798507076553311708e+04
1.269400000000000084e+01 1.846091966328092167e+04
1.298250000000000171e+01 1.975628734724056631e+04
1.327100000000000080e+01 1.773215266037464244e+04
1.355950000000000166e+01 2.031733695762502612e+04
1.384800000000000253e+01 2.092420432581467321e+04
1.413650000000000162e+01 2.113710351351479767e+04
1.442500000000000249e+01 1.978774065351526588e+04
1.471350000000000158e+01 1.956243587546242270e+04
1.500200000000000244e+01 2.198351286190390238e+04
1.529050000000000153e+01 1.973358105536201765e+04
1.557900000000000240e+01 1.938906247221304875e+04
1.586750000000000149e+01 2.105092018638255831e+04
1.615600000000000236e+01 2.505262146489938459e+04
1.644450000000000145e+01 1.941521997900626957e+04
1.673300000000000054e+01 2.240331238832668532e+04
1.702150000000000318e+01 2.251988310229037597e+04
1.731000000000000227e+01 2.137391152117697493e+04
1.759850000000000136e+01 2.156566674898166093e+04
1.788700000000000045e+01 2.030983282767544006e+04
1.817550000000000310e+01 2.069503564561441453e+04
1.846400000000000219e+01 2.034041333302016574e+04
1.875250000000000128e+01 1.926853582280163027e+04
1.904100000000000392e+01 1.923902005253708558e+04
1.932950000000000301e+01 1.927068325384565469e+04
1.961800000000000210e+01 1.899443568675926872e+04
1.990650000000000119e+01 1.971633144590408847e+04
2.019500000000000384e+01 2.056968779400148560e+04
2.048350000000000293e+01 2.276375935371079686e+04
2.077200000000000202e+01 1.982299439721964518e+04
2.106050000000000111e+01 2.338625416783014953e+04
2.134900000000000375e+01 2.056649934476166891e+04
2.163750000000000284e+01 2.229045802242299760e+04
2.192600000000000193e+01 2.486112778421262192e+04
2.221450000000000102e+01 2.429583589499695154e+04
2.250300000000000367e+01 2.307918117265378532e+04
2.279150000000000276e+01 2.519067507079595089e+04
2.308000000000000185e+01 2.106970533135601363e+04
2.336850000000000449e+01 3.215909701557832886e+04
2.365700000000000358e+01 4.922305535064632568e+04
2.394550000000000267e+01 4.531878858578242944e+04
2.423400000000000176e+01 3.113686644679815072e+04
2.452250000000000441e+01 2.283330053160700845e+04
2.481100000000000350e+01 2.279771877489349572e+04
2.509950000000000259e+01 2.453330480331713989e+04
2.538800000000000168e+01 2.066349609728820724e+04
2.567650000000000432e+01 2.175542047848810398e+04
2.596500000000000341e+01 2.210531774088177917e+04
2.625350000000000250e+01 2.047756690605966651e+04
2.654200000000000159e+01 2.063958924564051267e+04
2.683050000000000423e+01 1.970313653105440244e+04
2.711900000000000333e+01 1.999230148843139250e+04
2.740750000000000242e+01 1.968314018001731165e+04
2.769600000000000506e+01 1.670673342011101704e+04
2.798450000000000415e+01 1.725694796027265329e+04
2.827300000000000324e+01 1.883793318357256067e+04
2.856150000000000233e+01 1.844525901382041411e+04
2.885000000000000497e+01 1.903632393176619735e+04
2.913850000000000406e+01 1.744597601373948055e+04
2.942700000000000315e+01 1.800201734697305801e+04
2.971550000000000225e+01 1.638525495563194636e+04
3.000400000000000489e+01 1.692486488943466247e+04
3.029250000000000398e+01 1.832687665770760941e+04
3.058100000000000307e+01 1.686003695586656613e+04
3.086950000000000216e+01 1.794125340733204212e+04
3.115800000000000480e+01 1.913289711857809743e+04
3.144650000000000389e+01 1.740956355025365337e+04
3.173500000000000298e+01 1.677048038658409132e+04
3.202350000000000563e+01 1.681418070473184707e+04
3.231200000000000472e+01 1.699317882799168729e+04
3.260050000000000381e+01 1.524424521702863967e+04
3.288900000000000290e+01 1.559752088816321157e+04
3.317750000000000199e+01 1.695689112007978838e+04
3.346600000000000108e+01 1.509255616911611105e+04
3.375450000000000728e+01 1.583517650717902688e+04
3.404300000000000637e+01 1.572596388612090777e+04
3.433150000000000546e+01 1.549303940553948269e+04
3.462000000000000455e+01 1.587567664369091472e+04
3.490850000000000364e+01 1.442455611397464418e+04
3.519700000000000273e+01 1.489151761137929134e+04
3.548550000000000182e+01 1.498362113760946522e+04
3.577400000000000091e+01 1.519111954061054348e+04
3.606250000000000711e+01 1.450305959209889079e+04
3.635100000000000620e+01 1.429277454072483670e+04
3.663950000000000529e+01 1.475546636819585183e+04
3.692800000000000438e+01 1.427541983174794586e+04
3.721650000000000347e+01 1.469076904283506701e+04
3.750500000000000256e+01 1.504302724903861053e+04
3.779350000000000165e+01 1.556318087239183660e+04
3.808200000000000784e+01 1.517581885796560709e+04
3.837050000000000693e+01 1.528196292109930801e+04
3.865900000000000603e+01 1.564072582831471846e+04
3.894750000000000512e+01 1.510451458093882138e+04
3.923600000000000421e+01 1.603123934200100302e+04
3.952450000000000330e+01 1.587411522902307297e+04
3.981300000000000239e+01 1.691099947874883946e+04
4.010150000000000148e+01 1.797402230696485276e+04
4.039000000000000767e+01 1.562910813668434639e+04
4.067850000000000676e+01 1.558466802997445120e+04
4.096700000000000585e+01 1.616666302264578007e+04
4.125550000000000495e+01 1.560754937496440471e+04
4.154400000000000404e+01 1.675143287712642996e+04
4.183250000000000313e+01 1.561145029147867535e+04
4.212100000000000222e+01 1.666099742387673541e+04
4.240950000000000841e+01 1.507471417107132766e+04
4.269800000000000750e+01 1.660429907204052870e+04
4.298650000000000659e+01 1.551660619963255704e+04
4.327500000000000568e+01 1.726099933905399666e+04
4.356350000000000477e+01 1.816477416369481216e+04
4.385200000000000387e+01 1.752966089567591553e+04
4.414050000000000296e+01 1.576540033043221592e+04
4.442900000000000205e+01 1.664839409589791103e+04
4.471750000000000824e+01 1.842485298911324207e+04
4.500600000000000733e+01 1.931622704975757006e+04
4.529450000000000642e+01 1.947088058424393603e+04
4.558300000000000551e+01 1.829496450781630119e+04
4.587150000000000460e+01 1.960184668203257024e+04
4.616000000000000369e+01 1.847024359286482286e+04
4.644850000000000279e+01 1.925443288162691897e+04
4.673700000000000898e+01 2.163644556441245004e+04
4.702550000000000807e+01 2.548740292121404855e+04
4.731400000000000716e+01 1.784208285580914162e+04
4.760250000000000625e+01 2.124211456685859594e+04
4.789100000000000534e+01 2.359327065993918222e+04
4.817950000000000443e+01 1.916080417274045612e+04
4.846800000000000352e+01 2.068904728111895747e+04
4.875650000000000261e+01 2.178612476352236263e+04
4.904500000000000881e+01 2.398948055380572623e+04
4.933350000000000790e+01 3.930235398394306685e+04
4.962200000000000699e+01 9.051189094070812280e+04
4.991050000000000608e+01 5.080793694395844068e+04
5.019900000000000517e+01 1.942932635018648216e+04
5.048750000000000426e+01 1.983432448691200261e+04
5.077600000000000335e+01 1.865689290644552239e+04
5.106450000000000955e+01 1.885957632503521017e+04
5.135300000000000864e+01 1.823371563687365415e+04
5.164150000000000773e+01 1.818378603371731515e+04
5.193000000000000682e+01 1.763186837970515262e+04
5.221850000000000591e+01 1.649934778203061069e+04
5.250700000000000500e+01 1.509973261626407293e+04
5.279550000000000409e+01 1.426347277483089783e+04
5.308400000000000318e+01 1.471808246886168672e+04
5.337250000000000938e+01 1.413070402745638421e+04
5.366100000000000847e+01 1.607625730147121612e+04
5.394950000000000756e+01 1.489314173075600229e+04
5.423800000000000665e+01 1.395575061829874539e+04
5.452650000000000574e+01 1.390459135292843166e+04
5.481500000000000483e+01 1.345327794653735691e+04
5.510350000000000392e+01 1.444352508108008806e+04
5.539200000000001012e+01 1.434864637006203702e+04
5.568050000000000921e+01 1.345606492202282061e+04
5.596900000000000830e+01 1.357539559935902616e+04
5.625750000000000739e+01 1.411649197274234029e+04
5.654600000000000648e+01 1.298229433723848706e+04
5.683450000000000557e+01 1.352534083698386894e+04
5.712300000000000466e+01 1.375631802864680867e+04
5.741150000000000375e+01 1.270684174117637122e+04
5.770000000000000995e+01 1.346644348456557782e+04
5.798850000000000904e+01 1.243446805467768900e+04
5.827700000000000813e+01 1.268729162632138286e+04
5.856550000000000722e+01 1.266795374922064002e+04
5.885400000000000631e+01 1.422024925311496736e+04
5.914250000000000540e+01 1.326581907277869323e+04
5.943100000000000449e+01 1.257787926105990300e+04
5.971950000000000358e+01 1.254801741054823833e+04
6.000800000000000978e+01 1.285638786378019540e+04
6.029650000000000887e+01 1.235629427314221903e+04
6.058500000000000796e+01 1.263580893169811679e+04
6.087350000000000705e+01 1.341648692899539310e+04
6.116200000000000614e+01 1.361791279353431491e+04
6.145050000000000523e+01 1.266915578207789258e+04
6.173900000000000432e+01 1.292005707205210638e+04
6.202750000000001052e+01 1.240943876714019825e+04
6.231600000000000961e+01 1.277699341034635654e+04
6.260450000000000870e+01 1.264436083183961273e+04
6.289300000000000779e+01 1.279028235542252514e+04
6.318150000000000688e+01 1.323370306957267167e+04
6.347000000000000597e+01 1.191404788888139956e+04
6.375850000000000506e+01 1.374821695786257806e+04
6.404700000000001125e+01 1.287365399850014910e+04
6.433550000000001035e+01 1.209256479627759472e+04
6.462400000000000944e+01 1.262531466374342563e+04
6.491250000000000853e+01 1.265462335696175796e+04
6.520100000000000762e+01 1.343295477908725661e+04
6.548950000000000671e+01 1.233380722789625543e+04
6.577800000000000580e+01 1.239752605808842600e+04
6.606650000000000489e+01 1.222591541265943306e+04
6.635500000000000398e+01 1.292018868702772670e+04
6.664350000000000307e+01 1.201547876190428360e+04
6.693200000000000216e+01 1.262883269402568840e+04
6.722050000000000125e+01 1.229107397992820188e+04
6.750900000000001455e+01 1.294722134596428805e+04
6.779750000000001364e+01 1.328828302893787441e+04
6.808600000000001273e+01 1.305090375404797851e+04
6.837450000000001182e+01 1.263514404042225578e+04
6.866300000000001091e+01 1.315652368354508508e+04
6.895150000000001000e+01 1.335848312237931714e+04
6.924000000000000909e+01 1.306437037921967021e+04
6.952850000000000819e+01 1.277122354833050485e+04
6.981700000000000728e+01 1.371013284179763650e+04
7.010550000000000637e+01 1.407149890375996983e+04
7.039400000000000546e+01 1.378830457745145031e+04
7.068250000000000455e+01 1.369664839942533035e+04
7.097100000000000364e+01 1.304141311006688375e+04
7.125950000000000273e+01 1.307407958281948413e+04
7.154800000000000182e+01 1.373251332031596576e+04
7.183650000000001512e+01 1.297678487970430069e+04
7.212500000000001421e+01 1.353437312378840397e+04
7.241350000000001330e+01 1.248454476349143988e+04
7.270200000000001239e+01 1.338182088141809436e+04
7.299050000000001148e+01 1.456611325642246447e+04
7.327900000000001057e+01 1.363869818932588350e+04
7.356750000000000966e+01 1.428962757857620636e+04
7.385600000000000875e+01 1.435798465366897653e+04
7.414450000000000784e+01 1.254479212049259877e+04
7.443300000000000693e+01 1.242567437150677506e+04
7.472150000000000603e+01 1.275436106185024255e+04
7.501000000000000512e+01 1.300517689504156624e+04
7.529850000000000421e+01 1.264958536471672960e+04
7.558700000000000330e+01 1.351320931026107428e+04
7.587550000000000239e+01 1.249817468766902130e+04
7.616400000000001569e+01 1.247878658633109808e+04
7.645250000000001478e+01 1.262125352534718877e+04
7.674100000000001387e+01 1.245181821226146349e+04
7.702950000000001296e+01 1.220857341476249712e+04
7.731800000000001205e+01 1.250814606559437379e+04
7.760650000000001114e+01 1.206045011283415442e+04
7.789500000000001023e+01 1.214192464330999246e+04
7.818350000000000932e+01 1.242210225096466274e+04
7.847200000000000841e+01 1.248173189043849925e+04
7.876050000000000750e+01 1.239513865980356968e+04
7.904900000000000659e+01 1.229292024138894703e+04
7.933750000000000568e+01 1.284661370469449685e+04
7.962600000000000477e+01 1.185826968688561101e+04
7.991450000000000387e+01 1.222611404114967991e+04
8.020300000000000296e+01 1.241755617773138511e+04
8.049150000000001626e+01 1.306495458286442226e+04
8.078000000000001535e+01 1.275983943932950569e+04
8.106850000000001444e+01 1.292614149483298388e+04
8.135700000000001353e+01 1.245706927070988422e+04
8.164550000000001262e+01 1.155500713456664744e+04
8.193400000000001171e+01 1.196053270306473860e+04
8.222250000000001080e+01 1.193322712086831052e+04
8.251100000000000989e+01 1.168598961596312256e+04
8.279950000000000898e+01 1.165110333259898289e+04
8.308800000000000807e+01 1.155748910411905854e+04
8.337650000000000716e+01 1.180201604875697740e+04
8.366500000000000625e+01 1.211512766431191994e+04
8.395350000000000534e+01 1.230613387335900188e+04
8.424200000000000443e+01 1.144477863005938707e+04
8.453050000000000352e+01 1.121455693734094893e+04
8.481900000000001683e+01 1.130353183214721321e+04
8.510750000000001592e+01 1.186834953806745398e+04
8.539600000000001501e+01 1.120321315075546772e+04
8.568450000000001410e+01 1.154544515199455054e+04
8.597300000000001319e+01 1.189397354006393653e+04
8.626150000000001228e+01 1.171244114144126252e+04
8.655000000000001137e+01 1.170697133753910566e+04
8.683850000000001046e+01 1.116923254439117954e+04
8.712700000000000955e+01 1.131065398603506037e+04
8.741550000000000864e+01 1.204180130105716853e+04
8.770400000000000773e+01 1.156026837841689849e+04
8.799250000000000682e+01 1.161111050679398068e+04
8.828100000000000591e+01 1.159752963363654999e+04
8.856950000000000500e+01 1.230921593194834713e+04
8.885800000000000409e+01 1.176540426083557213e+04
8.914650000000001739e+01 1.163136071691910365e+04
8.943500000000001648e+01 1.136422296239142997e+04
8.972350000000001558e+01 1.188753630747560237e+04
9.001200000000001467e+01 1.188293759918540309e+04
9.030050000000001376e+01 1.213946678551510377e+04
9.058900000000001285e+01 1.227391724544487988e+04
9.087750000000001194e+01 1.155155755464698268e+04
9.116600000000001103e+01 1.195758291007855951e+04
9.145450000000001012e+01 1.244897624187853944e+04
9.174300000000000921e+01 1.166664114631048324e+04
9.203150000000000830e+01 1.196605952056559363e+04
9.232000000000000739e+01 1.135362414415462626e+04
9.260850000000000648e+01 1.209735115473122642e+04
9.289700000000000557e+01 1.193309595360749699e+04
9.318550000000000466e+01 1.212875437767695621e+04
9.347400000000001796e+01 1.250583750739854622e+04
9.376250000000001705e+01 1.316537000459807678e+04
9.405100000000001614e+01 1.203567933115686537e+04
9.433950000000001523e+01 1.201582884240419298e+04
9.462800000000001432e+01 1.274902331175062864e+04
9.491650000000001342e+01 1.240654850680070376e+04
9.520500000000001251e+01 1.355620394036288053e+04
9.549350000000001160e+01 1.353590661343079591e+04
9.578200000000001069e+01 1.379306646136086420e+04
9.607050000000000978e+01 1.313734356402011690e+04
9.635900000000000887e+01 1.467214485810084443e+04
9.664750000000000796e+01 1.359862614582307287e+04
9.693600000000000705e+01 1.417739627972569178e+04
9.722450000000000614e+01 1.257818858956276563e+04
9.751300000000000523e+01 1.633679571006628976e+04
9.780150000000001853e+01 1.434912700808031150e+04
9.809000000000001762e+01 1.717756724670733456e+04
9.837850000000001671e+01 1.460849848910400942e+04
9.866700000000001580e+01 2.293292489418416517e+04
9.895550000000001489e+01 3.367311498722917895e+04
9.924400000000001398e+01 3.389293352737577516e+04
9.953250000000001307e+01 5.993124851534060872e+04
9.982100000000001216e+01 1.662178030935062634e+04
1.001095000000000113e+02 1.762532386890635826e+04
1.003980000000000103e+02 1.735575284640257814e+04
1.006865000000000094e+02 1.464623722771506436e+04
1.009750000000000085e+02 1.479041570122944177e+04
1.012635000000000076e+02 1.489213226326239419e+04
1.015520000000000067e+02 1.712069149636557631e+04
1.018405000000000058e+02 1.219869276386508682e+04
1.021290000000000191e+02 1.225834321028558043e+04
1.024175000000000182e+02 1.170829571573402791e+04
1.027060000000000173e+02 1.198637703688851616e+04
1.029945000000000164e+02 1.207333826077964841e+04
1.032830000000000155e+02 1.232669409392398120e+04
1.035715000000000146e+02 1.129364431304248137e+04
1.038600000000000136e+02 1.127859299647339503e+04
1.041485000000000127e+02 1.138040499404607544e+04
1.044370000000000118e+02 1.125133711966135161e+04
1.047255000000000109e+02 1.131900047224446644e+04
1.050140000000000100e+02 1.051606724786921768e+04
1.053025000000000091e+02 1.164293413973292445e+04
1.055910000000000082e+02 1.128041710409777443e+04
1.058795000000000073e+02 1.119793514495086492e+04
1.061680000000000064e+02 1.087132144871282617e+04
1.064565000000000197e+02 1.138188764201577942e+04
1.067450000000000188e+02 1.100407477416519032e+04
1.070335000000000178e+02 1.069540782060752463e+04
1.073220000000000169e+02 1.137599819982064037e+04
1.076105000000000160e+02 1.075831612667688023e+04
1.078990000000000151e+02 1.080214545067939798e+04
1.081875000000000142e+02 1.102135198237095392e+04
1.084760000000000133e+02 1.062619372581691096e+04
1.087645000000000124e+02 1.033173922833396864e+04
1.090530000000000115e+02 1.063178983827283992e+04
1.093415000000000106e+02 1.005534743937917665e+04
1.096300000000000097e+02 1.042779599530836094e+04
1.099185000000000088e+02 1.031375569887205893e+04
1.102070000000000078e+02 1.029083941939156466e+04
1.104955000000000069e+02 1.017258219339424977e+04
1.107840000000000202e+02 1.021332120586466772e+04
1.110725000000000193e+02 1.051429848183058857e+04
1.113610000000000184e+02 1.055710223115597910e+04
1.116495000000000175e+02 1.002706498975521390e+04
1.119380000000000166e+02 9.888676403065970590e+03
1.122265000000000157e+02 9.857002623079581099e+03
1.125150000000000148e+02 9.845020213749998220e+03
1.128035000000000139e+02 1.038377057288992728e+04
1.130920000000000130e+02 9.881694335719692390e+03
1.133805000000000121e+02 1.053533415817692912e+04
1.136690000000000111e+02 1.020225019924808112e+04
1.139575000000000102e+02 1.050861857935624357e+04
1.142460000000000093e+02 1.070975689407706341e+04
1.145345000000000084e+02 1.030943580825713798e+04
1.148230000000000075e+02 1.000299896596349208e+04
1.151115000000000066e+02 9.893508347326551302e+03
1.154000000000000199e+02 1.016322044730157359e+04
1.156885000000000190e+02 9.917843181056116009e+03
1.159770000000000181e+02 9.970340349481659359e+03
1.162655000000000172e+02 1.000972925378003674e+04
1.165540000000000163e+02 1.022719390318191290e+04
1.168425000000000153e+02 1.011365166497618520e+04
1.171310000000000144e+02 1.013955205554073291e+04
1.174195000000000135e+02 1.033816878110221842e+04
1.177080000000000126e+02 9.797882024795955658e+03
1.179965000000000117e+02 9.924399601195231298e+03
1.182850000000000108e+02 1.010471685987586716e+04
1.185735000000000099e+02 1.001080124633448577e+04
1.188620000000000090e+02 1.032829038213646891e+04
1.191505000000000081e+02 9.718268529432763899e+03
1.194390000000000072e+02 1.003241700625149861e+04
1.197275000000000205e+02 1.016965463716014710e+04
1.200160000000000196e+02 1.053867929120146800e+04
1.203045000000000186e+02 1.009853594054236055e+04
1.205930000000000177e+02 1.002810247932118182e+04
1.208815000000000168e+02 9.859979441324361687e+03
1.211700000000000159e+02 9.945081822597750943e+03
1.214585000000000150e+02 1.048223282560373627e+04
1.217470000000000141e+02 1.016564712247132411e+04
1.220355000000000132e+02 9.763274505355360816e+03
1.223240000000000123e+02 1.072015674793835933e+04
1.226125000000000114e+02 1.058923031578627342e+04
1.229010000000000105e+02 1.064309477200626134e+04
1.231895000000000095e+02 1.044290530462107199e+04
1.234780000000000086e+02 1.133825425543702477e+04
1.237665000000000077e+02 1.047802625757923124e+04
1.240550000000000210e+02 1.008751940498662225e+04
1.243435000000000201e+02 1.003658716340264618e+04
1.246320000000000192e+02 9.833444229979799275e+03
1.249205000000000183e+02 1.032609844573523878e+04
1.252090000000000174e+02 1.058947754922005697e+04
1.254975000000000165e+02 1.042090840290030428e+04
1.257860000000000156e+02 9.894768755384309770e+03
1.260745000000000147e+02 9.664959344373844942e+03
1.263630000000000138e+02 9.805191134928438260e+03
1.266515000000000128e+02 1.028222903868855974e+04
1.269400000000000119e+02 1.040357005448915152e+04
1.272285000000000110e+02 1.000355186799827970e+04
1.275170000000000101e+02 1.002298108426325416e+04
1.278055000000000092e+02 9.551765327404584241e+03
1.280940000000000225e+02 1.014872720301795198e+04
1.283825000000000216e+02 9.882409329695072302e+03
1.286710000000000207e+02 1.011448128179664491e+04
1.289595000000000198e+02 1.081575198841520069e+04
1.292480000000000189e+02 1.096317300452801646e+04
1.295365000000000180e+02 9.976731484130776153e+03
1.298250000000000171e+02 1.044212362554337597e+04
1.301135000000000161e+02 9.791892156853309643e+03
1.304020000000000152e+02 1.184208804033948036e+04
1.306905000000000143e+02 1.039241030057530043e+04
1.309790000000000134e+02 1.014340132221041858e+04
1.312675000000000125e+02 9.835681961077229062e+03
1.315560000000000116e+02 9.679112026411989063e+03
1.318445000000000107e+02 1.008217530174604144e+04
1.321330000000000098e+02 9.521281994487650081e+03
1.324215000000000089e+02 9.754717883292008992e+03
1.327100000000000080e+02 9.748238236458348183e+03
1.329985000000000070e+02 9.592809227414112684e+03
1.332870000000000061e+02 9.699979608935394936e+03
1.335755000000000052e+02 9.480607472819390750e+03
1.338640000000000043e+02 9.321354991694530327e+03
1.341525000000000034e+02 1.011652247371924386e+04
1.344410000000000025e+02 9.540660056210159382e+03
1.347295000000000300e+02 9.561605892895566285e+03
1.350180000000000291e+02 9.630383746685742153e+03
1.353065000000000282e+02 9.268180909966438776e+03
1.355950000000000273e+02 9.402607697492445368e+03
1.358835000000000264e+02 9.182222822730494954e+03
1.361720000000000255e+02 9.460657818169287566e+03
1.364605000000000246e+02 9.404322291786982532e+03
1.367490000000000236e+02 9.624974676218776949e+03
1.370375000000000227e+02 9.550997458896856187e+03
1.373260000000000218e+02 9.317411394390559508e+03
1.376145000000000209e+02 9.374515278373384717e+03
1.379030000000000200e+02 9.314073396843523369e+03
1.381915000000000191e+02 9.174810725544874003e+03
1.384800000000000182e+02 9.503739039939866416e+03
1.387685000000000173e+02 9.232515255705386153e+03
1.390570000000000164e+02 9.234871785762514264e+03
1.393455000000000155e+02 9.257026566354532406e+03
1.396340000000000146e+02 9.644606567762994018e+03
1.399225000000000136e+02 9.782270142107419815e+03
1.402110000000000127e+02 9.771992864288322380e+03
1.404995000000000118e+02 9.482587591158304349e+03
1.407880000000000109e+02 9.520852830349453143e+03
1.410765000000000100e+02 9.372408153403244796e+03
1.413650000000000091e+02 9.142530373483055882e+03
1.416535000000000082e+02 9.413460393680092238e+03
1.419420000000000073e+02 9.502483887690330448e+03
1.422305000000000064e+02 9.279441766903810276e+03
1.425190000000000055e+02 9.544656749322004544e+03
1.428075000000000045e+02 9.721326516227147295e+03
1.430960000000000036e+02 9.885399496814236045e+03
1.433845000000000312e+02 1.035962587191665079e+04
1.436730000000000302e+02 9.668620449447924329e+03
1.439615000000000293e+02 9.654331285461959851e+03
1.442500000000000284e+02 1.030481347682527303e+04
1.445385000000000275e+02 9.939655219034228139e+03
1.448270000000000266e+02 1.005814295042583944e+04
1.451155000000000257e+02 1.006407022801040875e+04
1.454040000000000248e+02 1.033193967799112943e+04
1.456925000000000239e+02 1.072054386419351977e+04
1.459810000000000230e+02 1.035282636382324927e+04
1.462695000000000221e+02 1.098194361016094081e+04
1.465580000000000211e+02 1.050038966131887719e+04
1.468465000000000202e+02 1.023551427640759721e+04
1.471350000000000193e+02 1.167622880575890667e+04
1.474235000000000184e+02 1.133979561231744447e+04
1.477120000000000175e+02 1.305308353478152276e+04
1.480005000000000166e+02 1.137652096595569310e+04
1.482890000000000157e+02 1.615129277810043277e+04
1.485775000000000148e+02 1.606213843659308804e+04
1.488660000000000139e+02 1.478557362333434139e+04
1.491545000000000130e+02 4.046454088853431313e+04
1.494430000000000121e+02 1.580882459106096030e+04
1.497315000000000111e+02 1.506682094628387495e+04
1.500200000000000102e+02 1.290683717204528875e+04
1.503085000000000093e+02 1.088911499940748945e+04
1.505970000000000084e+02 1.149666998744711236e+04
1.508855000000000075e+02 1.142477137622858390e+04
1.511740000000000066e+02 1.313622217183517932e+04
1.514625000000000057e+02 1.018977383162108345e+04
1.517510000000000048e+02 9.993520173512486508e+03
1.520395000000000039e+02 9.575790994875056640e+03
1.523280000000000314e+02 9.631329028512327568e+03
1.526165000000000305e+02 1.001791018359315967e+04
1.529050000000000296e+02 9.820207007838509526e+03
1.531935000000000286e+02 9.397281949506193996e+03
1.534820000000000277e+02 9.099261758791881221e+03
1.537705000000000268e+02 9.454010062940846183e+03
1.540590000000000259e+02 9.446541212191428713e+03
1.543475000000000250e+02 9.318903876905926154e+03
1.546360000000000241e+02 9.363516368040223824e+03
1.549245000000000232e+02 9.841480703855602769e+03
1.552130000000000223e+02 9.063248297338404882e+03
1.555015000000000214e+02 9.155803771072636664e+03
1.557900000000000205e+02 9.756977361074052169e+03
1.560785000000000196e+02 8.912300414931705745e+03
1.563670000000000186e+02 9.281209679763729582e+03
1.566555000000000177e+02 9.331904192129648436e+03
1.569440000000000168e+02 9.074633867233334968e+03
1.572325000000000159e+02 8.693427862618285872e+03
1.575210000000000150e+02 8.986839858143483070e+03
1.578095000000000141e+02 9.140515942601023198e+03
1.580980000000000132e+02 8.785684744893313109e+03
1.583865000000000123e+02 8.811495060473569538e+03
1.586750000000000114e+02 8.788339128963309122e+03
1.589635000000000105e+02 8.630670646660752027e+03
1.592520000000000095e+02 8.550955423541419805e+03
1.595405000000000086e+02 8.716290582929132142e+03
1.598290000000000077e+02 8.642868519096657110e+03
1.601175000000000068e+02 8.715002325854815354e+03
1.604060000000000059e+02 8.732475389368930337e+03
1.606945000000000050e+02 8.627697626356466571e+03
1.609830000000000325e+02 9.040005827666718687e+03
1.612715000000000316e+02 8.685862145360093564e+03
1.615600000000000307e+02 8.328169669307906588e+03
1.618485000000000298e+02 8.531538736692038583e+03
1.621370000000000289e+02 8.843111101047021293e+03
1.624255000000000280e+02 8.634377880341240598e+03
1.627140000000000271e+02 8.486593642926090979e+03
1.630025000000000261e+02 8.696142861572507172e+03
1.632910000000000252e+02 8.695973486972194223e+03
1.635795000000000243e+02 8.470855890388089392e+03
1.638680000000000234e+02 8.697882657480608032e+03
1.641565000000000225e+02 8.435246485636296711e+03
1.644450000000000216e+02 8.543093301111821347e+03
1.647335000000000207e+02 8.452904978252841829e+03
1.650220000000000198e+02 8.605742981184910604e+03
1.653105000000000189e+02 8.465247844866064042e+03
1.655990000000000180e+02 8.473172974047474781e+03
1.658875000000000171e+02 8.840998070707042643e+03
1.661760000000000161e+02 8.615267158897720947e+03
1.664645000000000152e+02 8.660555404907940101e+03
1.667530000000000143e+02 8.726886227570303163e+03
1.670415000000000134e+02 8.802926680221942661e+03
1.673300000000000125e+02 8.801109415106257075e+03
1.676185000000000116e+02 8.648819814757069253e+03
1.679070000000000107e+02 8.944742585800569941e+03
1.681955000000000098e+02 8.583363554194485914e+03
1.684840000000000089e+02 8.702085237708402929e+03
1.687725000000000080e+02 8.647466255074688888e+03
1.690610000000000070e+02 8.711832606388283239e+03
1.693495000000000061e+02 8.597555097307389588e+03
1.696380000000000337e+02 8.453798148303838389e+03
1.699265000000000327e+02 8.602293649995477608e+03
1.702150000000000318e+02 8.390776850822232518e+03
1.705035000000000309e+02 8.498278518866938612e+03
1.707920000000000300e+02 8.599120283306863712e+03
1.710805000000000291e+02 8.640959981508976853e+03
1.713690000000000282e+02 8.764767789691126382e+03
1.716575000000000273e+02 8.836904726753735304e+03
1.719460000000000264e+02 9.069703767309893010e+03
1.722345000000000255e+02 8.444788596998947469e+03
1.725230000000000246e+02 8.858980648934521014e+03
1.728115000000000236e+02 9.005580221414520565e+03
1.731000000000000227e+02 9.088130761189198893e+03
1.733885000000000218e+02 9.131343399330748070e+03
1.736770000000000209e+02 8.426532314800251697e+03
1.739655000000000200e+02 8.445108940702151813e+03
1.742540000000000191e+02 8.797428683792359152e+03
1.745425000000000182e+02 8.550006234223585125e+03
1.748310000000000173e+02 8.954380494871877090e+03
1.751195000000000164e+02 8.853679512692560820e+03
1.754080000000000155e+02 8.500140041631035274e+03
1.756965000000000146e+02 8.608539767474972905e+03
1.759850000000000136e+02 8.438063179973427395e+03
1.762735000000000127e+02 8.587274734466580412e+03
1.765620000000000118e+02 8.854261872747661982e+03
1.768505000000000109e+02 8.976267037496676494e+03
1.771390000000000100e+02 9.377519069585114266e+03
1.774275000000000091e+02 8.855549190595504115e+03
1.777160000000000082e+02 8.675049391921667848e+03
1.780045000000000073e+02 8.577014232749086659e+03
1.782930000000000348e+02 8.668161581001475497e+03
1.785815000000000339e+02 9.144691037522474289e+03
1.788700000000000330e+02 1.113409472547455152e+04
1.791585000000000321e+02 9.320119421038963992e+03
1.794470000000000312e+02 8.951059330156957003e+03
1.797355000000000302e+02 1.125968230995738850e+04
1.800240000000000293e+02 1.127742264694000369e+04
1.803125000000000284e+02 8.749138154812682842e+03
1.806010000000000275e+02 8.502499779591124025e+03
1.808895000000000266e+02 9.080200870683949688e+03
1.811780000000000257e+02 8.730234951815009481e+03
1.814665000000000248e+02 8.376673159587284317e+03
1.817550000000000239e+02 8.808641909956038944e+03
1.820435000000000230e+02 8.694914205541379488e+03
1.823320000000000221e+02 8.560724020062927593e+03
1.826205000000000211e+02 8.571506422355585528e+03
1.829090000000000202e+02 8.453243462706994251e+03
1.831975000000000193e+02 8.215625079271449067e+03
1.834860000000000184e+02 8.396971760554610228e+03
1.837745000000000175e+02 8.266454989404974185e+03
1.840630000000000166e+02 8.301486094428479191e+03
1.843515000000000157e+02 8.210055410463080989e+03
1.846400000000000148e+02 8.498254935128074067e+03
1.849285000000000139e+02 8.246698223892839451e+03
1.852170000000000130e+02 8.168517008035288200e+03
1.855055000000000121e+02 8.208032368085700000e+03
1.857940000000000111e+02 8.365680984739314226e+03
1.860825000000000102e+02 8.494066225590122485e+03
1.863710000000000093e+02 8.231893432589240547e+03
1.866595000000000084e+02 8.354396819037197929e+03
1.869480000000000359e+02 8.369545841353847209e+03
1.872365000000000350e+02 8.114314266188598594e+03
1.875250000000000341e+02 8.238752017440328927e+03
1.878135000000000332e+02 8.004075640729777660e+03
1.881020000000000323e+02 8.178372208967075494e+03
1.883905000000000314e+02 8.178143965118155393e+03
1.886790000000000305e+02 8.232937142516359017e+03
1.889675000000000296e+02 8.447871480478195735e+03
1.892560000000000286e+02 8.223804824214355904e+03
1.895445000000000277e+02 8.363622265285492176e+03
1.898330000000000268e+02 8.186492203241738025e+03
1.901215000000000259e+02 8.321362343339113067e+03
1.904100000000000250e+02 8.042408076842163609e+03
1.906985000000000241e+02 8.258931547264392066e+03
1.909870000000000232e+02 8.367244926879851846e+03
1.912755000000000223e+02 8.139604746291915035e+03
1.915640000000000214e+02 8.262811219272112794e+03
1.918525000000000205e+02 8.414669066267366361e+03
1.921410000000000196e+02 8.453199712208368510e+03
1.924295000000000186e+02 8.397263565032924816e+03
1.927180000000000177e+02 8.617914310106112680e+03
1.930065000000000168e+02 8.295747154455651980e+03
1.932950000000000159e+02 8.202001430567579519e+03
1.935835000000000150e+02 8.469770933198931743e+03
1.938720000000000141e+02 8.597360107309881641e+03
1.941605000000000132e+02 8.974238625908808899e+03
1.944490000000000123e+02 9.081257077922127792e+03
1.947375000000000114e+02 9.632824027160317200e+03
1.950260000000000105e+02 8.978311155447920100e+03
1.953145000000000095e+02 8.754143530604242187e+03
1.956030000000000371e+02 8.507878424679011005e+03
1.958915000000000362e+02 9.421128136756100503e+03
1.961800000000000352e+02 8.843636650700873361e+03
1.964685000000000343e+02 8.747149204664050558e+03
1.967570000000000334e+02 8.988000939472121900e+03
1.970455000000000325e+02 9.024523848726976212e+03
1.973340000000000316e+02 1.073258460401041884e+04
1.976225000000000307e+02 9.105695876961715840e+03
1.979110000000000298e+02 1.068153624158093953e+04
1.981995000000000289e+02 1.161243958845574525e+04
1.984880000000000280e+02 1.988235126138298801e+04
1.987765000000000271e+02 2.286271038909598428e+04
1.990650000000000261e+02 1.686605184646095950e+04
1.993535000000000252e+02 1.350464043152490012e+04
1.996420000000000243e+02 9.452593764406212358e+03
1.999305000000000234e+02 9.215753374944566531e+03
2.002190000000000225e+02 9.181871593071115058e+03
2.005075000000000216e+02 9.132751121563034758e+03
2.007960000000000207e+02 1.041177231027219932e+04
2.010845000000000198e+02 1.020036268710125114e+04
2.013730000000000189e+02 8.563353681914064509e+03
2.016615000000000180e+02 8.343456247605941826e+03
2.019500000000000171e+02 8.749081257234927762e+03
2.022385000000000161e+02 8.576894701507069840e+03
2.025270000000000152e+02 8.469106346012727954e+03
2.028155000000000143e+02 8.230316639218439377e+03
2.031040000000000134e+02 8.317542795280094651e+03
2.033925000000000125e+02 8.184374918871775662e+03
2.036810000000000116e+02 8.353198640870286908e+03
2.039695000000000107e+02 8.148937363504985115e+03
2.042580000000000382e+02 8.293522256200729316e+03
2.045465000000000373e+02 8.135075630216988429e+03
2.048350000000000364e+02 8.159367820406997453e+03
2.051235000000000355e+02 7.980956102906969136e+03
2.054120000000000346e+02 8.383177576563884941e+03
2.057005000000000337e+02 8.038580374915163702e+03
2.059890000000000327e+02 7.922493840270395594e+03
2.062775000000000318e+02 8.245780565116921935e+03
2.065660000000000309e+02 8.016094605527091517e+03
2.068545000000000300e+02 7.890773561319529108e+03
2.071430000000000291e+02 7.824100401237898041e+03
2.074315000000000282e+02 7.991522661880119813e+03
2.077200000000000273e+02 7.801419793214226047e+03
2.080085000000000264e+02 7.943796973548664027e+03
2.082970000000000255e+02 7.741393287895442882e+03
2.085855000000000246e+02 7.699407220738045908e+03
2.088740000000000236e+02 7.926106939238342420e+03
2.091625000000000227e+02 7.600696130649004772e+03
2.094510000000000218e+02 7.967743250220929440e+03
2.097395000000000209e+02 7.943692506168189539e+03
2.100280000000000200e+02 7.782824749740690095e+03
2.103165000000000191e+02 7.825669320519357825e+03
2.106050000000000182e+02 7.838114518043258613e+03
2.108935000000000173e+02 7.898136905277741789e+03
2.111820000000000164e+02 7.590452205140805745e+03
2.114705000000000155e+02 7.833867615862366620e+03
2.117590000000000146e+02 7.920748949996532247e+03
2.120475000000000136e+02 7.823418681054850822e+03
2.123360000000000127e+02 7.644880457131682306e+03
2.126245000000000118e+02 7.828724644868838368e+03
2.129130000000000393e+02 7.932894866110415933e+03
2.132015000000000384e+02 7.624127946947939563e+03
2.134900000000000375e+02 7.715953975061721394e+03
2.137785000000000366e+02 7.940406293915330934e+03
2.140670000000000357e+02 7.924482873756433037e+03
2.143555000000000348e+02 7.761690042734387134e+03
2.146440000000000339e+02 7.918129689767124546e+03
2.149325000000000330e+02 7.839085867224607682e+03
2.152210000000000321e+02 7.800919641747783317e+03
2.155095000000000312e+02 7.757363891334173786e+03
2.157980000000000302e+02 7.892998232111770449e+03
2.160865000000000293e+02 7.792966214906118694e+03
2.163750000000000284e+02 7.681000133902340167e+03
2.166635000000000275e+02 7.737623855385638308e+03
2.169520000000000266e+02 7.750013735077402089e+03
2.172405000000000257e+02 7.838154166586299652e+03
2.175290000000000248e+02 7.851529969968393743e+03
2.178175000000000239e+02 7.793111095337305414e+03
2.181060000000000230e+02 7.739734450843217928e+03
2.183945000000000221e+02 7.834659213500710393e+03
2.186830000000000211e+02 7.707996658697106795e+03
2.189715000000000202e+02 7.897955806037580260e+03
2.192600000000000193e+02 7.788211860885769056e+03
2.195485000000000184e+02 7.840812716943430132e+03
2.198370000000000175e+02 7.778305099482278820e+03
2.201255000000000166e+02 7.972251567365759911e+03
2.204140000000000157e+02 7.915862251243247556e+03
2.207025000000000148e+02 7.915146689453356885e+03
2.209910000000000139e+02 7.774450736384394077e+03
2.212795000000000130e+02 7.785493028127304569e+03
2.215680000000000405e+02 8.049378835602024083e+03
2.218565000000000396e+02 7.744576646470027299e+03
2.221450000000000387e+02 8.042280236038493058e+03
2.224335000000000377e+02 7.936971278962033466e+03
2.227220000000000368e+02 7.897584099567001431e+03
2.230105000000000359e+02 8.018065920382974582e+03
2.232990000000000350e+02 7.802212321982729918e+03
2.235875000000000341e+02 7.850044942277143491e+03
2.238760000000000332e+02 7.981210966268950870e+03
2.241645000000000323e+02 7.726642829417138273e+03
2.244530000000000314e+02 8.192082314599951133e+03
2.247415000000000305e+02 8.052122364205670237e+03
2.250300000000000296e+02 7.873620253226327804e+03
2.253185000000000286e+02 8.084481982067333774e+03
2.256070000000000277e+02 8.110223407564186346e+03
2.258955000000000268e+02 8.022196817780060883e+03
2.261840000000000259e+02 7.858713401132146828e+03
2.264725000000000250e+02 8.344447237526896060e+03
2.267610000000000241e+02 8.482478351992187527e+03
2.270495000000000232e+02 8.675600395191935604e+03
2.273380000000000223e+02 7.858325086028737132e+03
2.276265000000000214e+02 8.283245697680005833e+03
2.279150000000000205e+02 8.055671334114033016e+03
2.282035000000000196e+02 8.219194947218618836e+03
2.284920000000000186e+02 1.082069075531714407e+04
2.287805000000000177e+02 9.824680329860912025e+03
2.290690000000000168e+02 9.827605955168057335e+03
2.293575000000000159e+02 1.192122935725714888e+04
2.296460000000000150e+02 9.054183800470478673e+03
2.299345000000000141e+02 9.457973519947803652e+03
2.302230000000000132e+02 8.674963095207202059e+03
2.305115000000000407e+02 9.210242423081295783e+03
2.308000000000000398e+02 7.834920237224268931e+03
2.310885000000000389e+02 7.606791468092646028e+03
2.313770000000000380e+02 8.086705505396571425e+03
2.316655000000000371e+02 7.962213830071264056e+03
2.319540000000000362e+02 8.000114248523835158e+03
2.322425000000000352e+02 7.830518482700169443e+03
2.325310000000000343e+02 7.951398892979198536e+03
2.328195000000000334e+02 7.666762639154501812e+03
2.331080000000000325e+02 7.904740432949175556e+03
2.333965000000000316e+02 7.721501958613653187e+03
2.336850000000000307e+02 7.792399696637165107e+03
2.339735000000000298e+02 7.665613409586868329e+03
2.342620000000000289e+02 7.808808490552958574e+03
2.345505000000000280e+02 7.832233792469048240e+03
2.348390000000000271e+02 7.765613230380195091e+03
2.351275000000000261e+02 7.628210855946181255e+03
2.354160000000000252e+02 7.692842756781070420e+03
2.357045000000000243e+02 7.698176264450069539e+03
2.359930000000000234e+02 7.741114900841367671e+03
2.362815000000000225e+02 7.505603158715211976e+03
2.365700000000000216e+02 7.489592186777979805e+03
2.368585000000000207e+02 7.735331645496788951e+03
2.371470000000000198e+02 7.624925313310471211e+03
2.374355000000000189e+02 7.537891234970183177e+03
2.377240000000000180e+02 7.483501018188525450e+03
2.380125000000000171e+02 7.707906228460296916e+03
2.383010000000000161e+02 7.639752527682933760e+03
2.385895000000000152e+02 7.759848637335081548e+03
2.388780000000000143e+02 7.822296686406640220e+03
2.391665000000000418e+02 7.623482235273779224e+03
2.394550000000000409e+02 7.661272493172533359e+03
2.397435000000000400e+02 7.759909866329399847e+03
2.400320000000000391e+02 7.435697501115994783e+03
2.403205000000000382e+02 7.459405069053515945e+03
2.406090000000000373e+02 7.823216732231329843e+03
2.408975000000000364e+02 7.606033299314523902e+03
2.411860000000000355e+02 7.558952285604335884e+03
2.414745000000000346e+02 7.659120648067107140e+03
2.417630000000000337e+02 7.708062673189904672e+03
2.420515000000000327e+02 7.758095744573211960e+03
2.423400000000000318e+02 7.986811262555957910e+03
2.426285000000000309e+02 7.679493840802537306e+03
2.429170000000000300e+02 7.701560253377867411e+03
2.432055000000000291e+02 7.750011341030885887e+03
2.434940000000000282e+02 7.794361087776948807e+03
2.437825000000000273e+02 8.077184231336536868e+03
2.440710000000000264e+02 7.883456746132900662e+03
2.443595000000000255e+02 7.812527420344747043e+03
2.446480000000000246e+02 7.725259917285658958e+03
2.449365000000000236e+02 7.990589748144286204e+03
2.452250000000000227e+02 8.079903816473565712e+03
2.455135000000000218e+02 8.345324963612129068e+03
2.458020000000000209e+02 8.501501096105534089e+03
2.460905000000000200e+02 8.273147090817306889e+03
2.463790000000000191e+02 7.915118309172561567e+03
2.466675000000000182e+02 8.446830520411593170e+03
2.469560000000000173e+02 9.347355508858543544e+03
2.472445000000000164e+02 9.297746267740851181e+03
2.475330000000000155e+02 9.228093054243439838e+03
2.478215000000000430e+02 1.493004241279752205e+04
2.481100000000000421e+02 2.429722775543442913e+04
2.483985000000000412e+02 2.060875663916285339e+04
2.486870000000000402e+02 1.740665652742841121e+04
2.489755000000000393e+02 1.303985801123081910e+04
2.492640000000000384e+02 9.138858708414176363e+03
2.495525000000000375e+02 8.921127722476623603e+03
2.498410000000000366e+02 8.338395742786929986e+03
2.501295000000000357e+02 8.173600734744545662e+03
2.504180000000000348e+02 9.000774199483534176e+03
2.507065000000000339e+02 1.004266501233967028e+04
2.509950000000000330e+02 8.017607841377887780e+03
2.512835000000000321e+02 7.962377622786654683e+03
2.515720000000000312e+02 7.974137469808219976e+03
2.518605000000000302e+02 8.097721775332813195e+03
2.521490000000000293e+02 8.135529516739469727e+03
2.524375000000000284e+02 8.120807234456275182e+03
2.527260000000000275e+02 7.847778633261038522e+03
2.530145000000000266e+02 7.677947123831803765e+03
2.533030000000000257e+02 7.862008664952503750e+03
2.535915000000000248e+02 7.748400657922920800e+03
2.538800000000000239e+02 7.660279957393353470e+03
2.541685000000000230e+02 7.747437842765371897e+03
2.544570000000000221e+02 7.825986661298312356e+03
2.547455000000000211e+02 7.818233944169504866e+03
2.550340000000000202e+02 7.835001523700162579e+03
2.553225000000000193e+02 7.830882046893024381e+03
2.556110000000000184e+02 7.550845944230671194e+03
2.558995000000000175e+02 7.864729861944446384e+03
2.561880000000000450e+02 7.608334584970424658e+03
2.564765000000000441e+02 7.523869868456815311e+03
2.567650000000000432e+02 7.358872686835643435e+03
2.570535000000000423e+02 7.446147950722237510e+03
2.573420000000000414e+02 7.331546317488915520e+03
2.576305000000000405e+02 7.514841633542249838e+03
2.579190000000000396e+02 7.304017291356673923e+03
2.582075000000000387e+02 7.396423086169368617e+03
2.584960000000000377e+02 7.616695256728135064e+03
2.587845000000000368e+02 7.394619646759781972e+03
2.590730000000000359e+02 7.405416429908491409e+03
2.593615000000000350e+02 7.504964279369293763e+03
2.596500000000000341e+02 7.425027808800748062e+03
2.599385000000000332e+02 7.362876589963674633e+03
2.602270000000000323e+02 7.464442081923476508e+03
2.605155000000000314e+02 7.548398424269965290e+03
2.608040000000000305e+02 7.538643754554865154e+03
2.610925000000000296e+02 7.457968788777642658e+03
2.613810000000000286e+02 7.441935466926523077e+03
2.616695000000000277e+02 7.275468355762835927e+03
2.619580000000000268e+02 7.499843844251554401e+03
2.622465000000000259e+02 7.518898976977736311e+03
2.625350000000000250e+02 7.409981151628129737e+03
2.628235000000000241e+02 7.473918802431043332e+03
2.631120000000000232e+02 7.421034496732328080e+03
2.634005000000000223e+02 7.379813907551458215e+03
2.636890000000000214e+02 7.455893759506220704e+03
2.639775000000000205e+02 7.225260926740437753e+03
2.642660000000000196e+02 7.449642714212850478e+03
2.645545000000000186e+02 7.593059583072404166e+03
2.648430000000000177e+02 7.527754392293212732e+03
2.651315000000000168e+02 7.455554859359384864e+03
2.654200000000000159e+02 7.407730561106562163e+03
2.657085000000000150e+02 7.393934884020483878e+03
2.659970000000000141e+02 7.325604761930497261e+03
2.662855000000000132e+02 7.437440756929856434e+03
2.665740000000000123e+02 7.333287923137123471e+03
2.668625000000000114e+02 7.384487316524708149e+03
2.671510000000000105e+02 7.273032777101391730e+03
2.674395000000000095e+02 7.555057859435501086e+03
2.677280000000000086e+02 7.401699683720537905e+03
2.680165000000000077e+02 7.434494324625445188e+03
2.683050000000000068e+02 7.608123993148301452e+03
2.685935000000000059e+02 7.434776271075982550e+03
2.688820000000000050e+02 7.447974510817742157e+03
2.691705000000000041e+02 7.485554246803754722e+03
2.694590000000000600e+02 7.525672745722450600e+03
2.697475000000000591e+02 7.458744126395014064e+03
2.700360000000000582e+02 7.613919835022467851e+03
2.703245000000000573e+02 7.482397557093257092e+03
2.706130000000000564e+02 7.470485353873695203e+03
2.709015000000000555e+02 7.479014063121404433e+03
2.711900000000000546e+02 7.545136399885133869e+03
2.714785000000000537e+02 7.740492773367980590e+03
2.717670000000000528e+02 7.565560622266963946e+03
2.720555000000000518e+02 7.689398134973735068e+03
2.723440000000000509e+02 7.585237904939513101e+03
2.726325000000000500e+02 7.805837851886812132e+03
2.729210000000000491e+02 7.854990495503096099e+03
2.732095000000000482e+02 7.644851737464076905e+03
2.734980000000000473e+02 7.598765123980519093e+03
2.737865000000000464e+02 7.577689806561271325e+03
2.740750000000000455e+02 7.497312042311671576e+03
2.743635000000000446e+02 7.738501891575479021e+03
2.746520000000000437e+02 7.888342898378844438e+03
2.749405000000000427e+02 8.040701746070003537e+03
2.752290000000000418e+02 8.169798457923820934e+03
2.755175000000000409e+02 7.832061914342646560e+03
2.758060000000000400e+02 7.744583121774930078e+03
2.760945000000000391e+02 8.174848916309073502e+03
2.763830000000000382e+02 8.130614839829800985e+03
2.766715000000000373e+02 9.259660296967549584e+03
2.769600000000000364e+02 8.087995279600586400e+03
2.772485000000000355e+02 8.457683028755662235e+03
2.775370000000000346e+02 7.984152377252169572e+03
2.778255000000000337e+02 8.473199776984425625e+03
2.781140000000000327e+02 1.043139834118694125e+04
2.784025000000000318e+02 1.135316205907186850e+04
2.786910000000000309e+02 1.328169626782993691e+04
2.789795000000000300e+02 1.017466723625366467e+04
2.792680000000000291e+02 1.035233832867698584e+04
2.795565000000000282e+02 1.302429161622851643e+04
2.798450000000000273e+02 9.220648244224968948e+03
2.801335000000000264e+02 9.117249736874575319e+03
2.804220000000000255e+02 8.142106169611509358e+03
2.807105000000000246e+02 7.703260913786647507e+03
2.809990000000000236e+02 7.954291415390384827e+03
2.812875000000000227e+02 7.682946182219332513e+03
2.815760000000000218e+02 7.991043462020706102e+03
2.818645000000000209e+02 7.612764060594630791e+03
2.821530000000000200e+02 7.695950140814858059e+03
2.824415000000000191e+02 7.779685023582930626e+03
2.827300000000000182e+02 7.633298636169642123e+03
2.830185000000000173e+02 7.630811832345470066e+03
2.833070000000000164e+02 7.675501389599116919e+03
2.835955000000000155e+02 7.544930739548546626e+03
2.838840000000000146e+02 7.584866216234308922e+03
2.841725000000000136e+02 7.605762303801721828e+03
2.844610000000000127e+02 7.348428347182067228e+03
2.847495000000000118e+02 7.403423312953158529e+03
2.850380000000000109e+02 7.490032813450723552e+03
2.853265000000000100e+02 7.767271665560950169e+03
2.856150000000000091e+02 7.428152883386599569e+03
2.859035000000000082e+02 7.429507421639505083e+03
2.861920000000000073e+02 7.457555788475709960e+03
2.864805000000000064e+02 7.330511532278961567e+03
2.867690000000000623e+02 7.472866084898353620e+03
2.870575000000000614e+02 7.343625145136861647e+03
2.873460000000000605e+02 7.299569199193230816e+03
2.876345000000000596e+02 7.501122940781106081e+03
2.879230000000000587e+02 7.392495556772365489e+03
2.882115000000000578e+02 7.328456691059125660e+03
2.885000000000000568e+02 6.717991785323110889e+03
