2.885000000000000342e-01 2.304196299681696692e+05
5.770000000000000684e-01 1.316231115032341622e+05
8.655000000000001581e-01 1.017862540439910081e+05
1.154000000000000137e+00 9.004834193402803794e+04
1.442500000000000115e+00 7.017928125840749999e+04
1.731000000000000316e+00 7.681674988778938132e+04
2.019500000000000295e+00 6.409238509010599228e+04
2.308000000000000274e+00 4.876823775407200446e+04
2.596500000000000252e+00 5.214017748423564626e+04
2.885000000000000231e+00 4.884511759833158430e+04
3.173500000000000210e+00 4.147337177891020110e+04
3.462000000000000632e+00 4.842084785344114061e+04
3.750500000000000611e+00 3.979775991759708268e+04
4.039000000000000590e+00 3.911750118466933782e+04
4.327500000000000568e+00 3.885373321162279171e+04
4.616000000000000547e+00 3.384611699741905613e+04
4.904500000000000526e+00 3.672663718152315414e+04
5.193000000000000504e+00 3.263217217347281257e+04
5.481500000000000483e+00 4.227985632523734967e+04
5.770000000000000462e+00 3.570450613357804832e+04
6.058500000000000441e+00 3.378918668406170036e+04
6.347000000000000419e+00 3.194509813178688273e+04
6.635500000000000398e+00 3.425389066796653060e+04
6.924000000000001265e+00 3.287430309268011479e+04
7.212500000000001243e+00 2.960739722418063320e+04
7.501000000000001222e+00 2.870589003646424317e+04
7.789500000000001201e+00 3.049271791948677856e+04
8.078000000000001180e+00 3.330112549955734721e+04
8.366500000000000270e+00 3.332907271547257551e+04
8.655000000000001137e+00 2.988643676186672747e+04
8.943500000000000227e+00 3.057424433071657404e+04
9.232000000000001094e+00 3.384231679621418880e+04
9.520500000000001961e+00 3.680957666161576344e+04
9.809000000000001052e+00 3.094672745958122323e+04
1.009750000000000192e+01 3.004938788345739886e+04
1.038600000000000101e+01 3.072088482583080622e+04
1.067450000000000188e+01 2.986208843680870632e+04
1.096300000000000097e+01 3.747595280069051660e+04
1.125150000000000183e+01 3.018415201287810851e+04
1.154000000000000092e+01 3.367566903562102380e+04
1.182850000000000179e+01 3.212118939454522842e+04
1.211700000000000088e+01 3.584558306101203198e+04
1.240550000000000175e+01 3.431735651198960841e+04
1.269400000000000084e+01 2.986997054211480281e+04
1.298250000000000171e+01 3.108103035398363136e+04
1.327100000000000080e+01 3.114976736158923086e+04
1.355950000000000166e+01 3.249180111259724799e+04
1.384800000000000253e+01 3.054272163606178219e+04
1.413650000000000162e+01 3.613767306105739408e+04
1.442500000000000249e+01 3.555953728194432188e+04
1.471350000000000158e+01 3.896118985985664040e+04
1.500200000000000244e+01 4.633201970231625455e+04
1.529050000000000153e+01 3.224789980539779935e+04
1.557900000000000240e+01 3.551380630753793230e+04
1.586750000000000149e+01 3.646927692389873118e+04
1.615600000000000236e+01 3.921289638130737148e+04
1.644450000000000145e+01 3.412048498216608277e+04
1.673300000000000054e+01 4.222406983981121448e+04
1.702150000000000318e+01 3.277795340488897637e+04
1.731000000000000227e+01 3.028812148261526818e+04
1.759850000000000136e+01 3.513901328892519814e+04
1.788700000000000045e+01 3.450438125104628853e+04
1.817550000000000310e+01 2.891527517152674045e+04
1.846400000000000219e+01 2.660931287073050044e+04
1.875250000000000128e+01 3.125427092192445343e+04
1.904100000000000392e+01 2.786446198345774974e+04
1.932950000000000301e+01 2.751442165618323270e+04
1.961800000000000210e+01 2.416120676207323777e+04
1.990650000000000119e+01 2.689246286026099187e+04
2.019500000000000384e+01 2.387909925834582828e+04
2.048350000000000293e+01 2.799823161391423127e+04
2.077200000000000202e+01 2.476469598544240580e+04
2.106050000000000111e+01 2.403668443003296852e+04
2.134900000000000375e+01 2.394982032682330828e+04
2.163750000000000284e+01 2.475363833351165158e+04
2.192600000000000193e+01 2.406420781297388385e+04
2.221450000000000102e+01 2.406796886469364108e+04
2.250300000000000367e+01 2.210123225515785452e+04
2.279150000000000276e+01 2.408920262716619254e+04
2.308000000000000185e+01 2.151250172067534731e+04
2.336850000000000449e+01 2.338572080834009103e+04
2.365700000000000358e+01 3.173596499987548304e+04
2.394550000000000267e+01 2.692970083888003501e+04
2.423400000000000176e+01 2.215282904415129451e+04
2.452250000000000441e+01 2.526925177549158980e+04
2.481100000000000350e+01 2.483764455497219751e+04
2.509950000000000259e+01 2.151026290635856276e+04
2.538800000000000168e+01 2.258545641962959053e+04
2.567650000000000432e+01 2.148638235963535772e+04
2.596500000000000341e+01 2.260931251638190952e+04
2.625350000000000250e+01 2.260539367065119586e+04
2.654200000000000159e+01 2.258808566190558486e+04
2.683050000000000423e+01 2.237733198827515662e+04
2.711900000000000333e+01 2.344822734872288493e+04
2.740750000000000242e+01 2.192025958277453901e+04
2.769600000000000506e+01 2.112533949596939419e+04
2.798450000000000415e+01 2.199527841242298746e+04
2.827300000000000324e+01 2.080356936699644939e+04
2.856150000000000233e+01 2.311196595235017958e+04
2.885000000000000497e+01 2.148487086879966955e+04
2.913850000000000406e+01 2.423713200819111080e+04
2.942700000000000315e+01 2.474902553728260318e+04
2.971550000000000225e+01 2.170716229560029751e+04
3.000400000000000489e+01 2.265780400683805055e+04
3.029250000000000398e+01 2.129899539866145642e+04
3.058100000000000307e+01 2.208504131733718896e+04
3.086950000000000216e+01 2.146345444726979622e+04
3.115800000000000480e+01 2.132394319973761230e+04
3.144650000000000389e+01 2.252771893086958153e+04
3.173500000000000298e+01 2.170605009014517054e+04
3.202350000000000563e+01 2.256732933705431424e+04
3.231200000000000472e+01 2.231849764153697834e+04
3.260050000000000381e+01 2.205508650234039305e+04
3.288900000000000290e+01 2.035630870122554188e+04
3.317750000000000199e+01 2.067139162426415351e+04
3.346600000000000108e+01 1.995901552708982854e+04
3.375450000000000728e+01 2.091685446992435755e+04
3.404300000000000637e+01 2.030102407055927688e+04
3.433150000000000546e+01 2.057203147989624267e+04
3.462000000000000455e+01 2.091455824421775833e+04
3.490850000000000364e+01 1.978573308568249922e+04
3.519700000000000273e+01 2.087145274068091385e+04
3.548550000000000182e+01 1.949633328677600366e+04
3.577400000000000091e+01 1.980670413569109951e+04
3.606250000000000711e+01 1.940660039804104963e+04
3.635100000000000620e+01 1.796089176546867748e+04
3.663950000000000529e+01 1.804092110102144943e+04
3.692800000000000438e+01 1.805606200960752540e+04
3.721650000000000347e+01 1.929518640544279697e+04
3.750500000000000256e+01 1.922829139552797278e+04
3.779350000000000165e+01 1.740413940955551880e+04
3.808200000000000784e+01 1.888456079655649228e+04
3.837050000000000693e+01 1.842626959276700291e+04
3.865900000000000603e+01 1.844199312496414495e+04
3.894750000000000512e+01 1.877920126300721677e+04
3.923600000000000421e+01 1.870564707881517825e+04
3.952450000000000330e+01 1.776803560183887021e+04
3.981300000000000239e+01 1.794641547941283716e+04
4.010150000000000148e+01 1.768923211311714476e+04
4.039000000000000767e+01 1.654995654735386415e+04
4.067850000000000676e+01 1.693881048768686378e+04
4.096700000000000585e+01 1.714574396279436041e+04
4.125550000000000495e+01 1.667137952495801801e+04
4.154400000000000404e+01 1.682636614355106940e+04
4.183250000000000313e+01 1.707291227516541039e+04
4.212100000000000222e+01 1.773343709710498661e+04
4.240950000000000841e+01 1.684681970925374117e+04
4.269800000000000750e+01 1.638729680371900031e+04
4.298650000000000659e+01 1.682228904831034015e+04
4.327500000000000568e+01 1.844742092227597823e+04
4.356350000000000477e+01 1.713347544251488216e+04
4.385200000000000387e+01 1.724581376270428518e+04
4.414050000000000296e+01 1.724663328011210979e+04
4.442900000000000205e+01 1.573445109717139712e+04
4.471750000000000824e+01 1.763694050409525516e+04
4.500600000000000733e+01 1.715206613558975005e+04
4.529450000000000642e+01 1.748619663817408218e+04
4.558300000000000551e+01 1.628932353287924161e+04
4.587150000000000460e+01 1.711705641278993789e+04
4.616000000000000369e+01 1.673425425160972736e+04
4.644850000000000279e+01 1.665758160209998823e+04
4.673700000000000898e+01 1.766332829787418086e+04
4.702550000000000807e+01 1.664261493898281697e+04
4.731400000000000716e+01 1.703977516938210829e+04
4.760250000000000625e+01 1.627164076829669830e+04
4.789100000000000534e+01 1.635720086106661074e+04
4.817950000000000443e+01 1.818527359401848662e+04
4.846800000000000352e+01 1.688554293713656443e+04
4.875650000000000261e+01 1.642206449249809521e+04
4.904500000000000881e+01 1.684392948227634406e+04
4.933350000000000790e+01 1.943155253902326513e+04
4.962200000000000699e+01 3.034885500841605608e+04
4.991050000000000608e+01 2.556841237097481644e+04
5.019900000000000517e+01 1.740656864054379184e+04
5.048750000000000426e+01 1.646745850430300925e+04
5.077600000000000335e+01 1.643354689792765566e+04
5.106450000000000955e+01 1.696214845193060319e+04
5.135300000000000864e+01 1.563271011578348771e+04
5.164150000000000773e+01 1.673091540400511076e+04
5.193000000000000682e+01 1.572963822409626118e+04
5.221850000000000591e+01 1.639516132583261424e+04
5.250700000000000500e+01 1.618398927800149249e+04
5.279550000000000409e+01 1.505597016336923662e+04
5.308400000000000318e+01 1.476091926531141507e+04
5.337250000000000938e+01 1.440173928196017914e+04
5.366100000000000847e+01 1.537792439135479617e+04
5.394950000000000756e+01 1.589218937998129149e+04
5.423800000000000665e+01 1.520995223454172628e+04
5.452650000000000574e+01 1.468478003452600569e+04
5.481500000000000483e+01 1.489801798347607837e+04
5.510350000000000392e+01 1.478720200716202635e+04
5.539200000000001012e+01 1.479598613991286948e+04
5.568050000000000921e+01 1.399275147285190724e+04
5.596900000000000830e+01 1.427670201119043668e+04
5.625750000000000739e+01 1.416080556495081146e+04
5.654600000000000648e+01 1.431102680546136253e+04
5.683450000000000557e+01 1.399925586399602980e+04
5.712300000000000466e+01 1.469693042248393976e+04
5.741150000000000375e+01 1.405251979112696608e+04
5.770000000000000995e+01 1.450827791226237787e+04
5.798850000000000904e+01 1.441008803154014822e+04
5.827700000000000813e+01 1.429558229587151254e+04
5.856550000000000722e+01 1.385741162054585038e+04
5.885400000000000631e+01 1.447348044572578328e+04
5.914250000000000540e+01 1.424722503038456307e+04
5.943100000000000449e+01 1.363268603730063478e+04
5.971950000000000358e+01 1.403378068783993331e+04
6.000800000000000978e+01 1.404434218343578141e+04
6.029650000000000887e+01 1.361174913704464052e+04
6.058500000000000796e+01 1.370577885241554941e+04
6.087350000000000705e+01 1.431501389209168883e+04
6.116200000000000614e+01 1.438074291111473394e+04
6.145050000000000523e+01 1.381237721163263268e+04
6.173900000000000432e+01 1.368710669222771139e+04
6.202750000000001052e+01 1.351363089697822943e+04
6.231600000000000961e+01 1.394997946712619523e+04
6.260450000000000870e+01 1.309380010673736979e+04
6.289300000000000779e+01 1.308834244800348824e+04
6.318150000000000688e+01 1.373219824084798711e+04
6.347000000000000597e+01 1.342271264928769961e+04
6.375850000000000506e+01 1.288798545533979632e+04
6.404700000000001125e+01 1.351896085997470254e+04
6.433550000000001035e+01 1.361992506427892113e+04
6.462400000000000944e+01 1.333085867241603410e+04
6.491250000000000853e+01 1.356637928910327901e+04
6.520100000000000762e+01 1.335919980759176906e+04
6.548950000000000671e+01 1.326368557995762967e+04
6.577800000000000580e+01 1.290938782354701470e+04
6.606650000000000489e+01 1.298444771147875872e+04
6.635500000000000398e+01 1.298589943681564546e+04
6.664350000000000307e+01 1.296700043211993398e+04
6.693200000000000216e+01 1.336101196880141833e+04
6.722050000000000125e+01 1.325035916249616639e+04
6.750900000000001455e+01 1.294986978597026246e+04
6.779750000000001364e+01 1.292899587014410827e+04
6.808600000000001273e+01 1.257836399411889397e+04
6.837450000000001182e+01 1.285799487723575839e+04
6.866300000000001091e+01 1.263875034523710747e+04
6.895150000000001000e+01 1.287843211059395981e+04
6.924000000000000909e+01 1.273745175064694922e+04
6.952850000000000819e+01 1.280539732955950603e+04
6.981700000000000728e+01 1.313286511305572458e+04
7.010550000000000637e+01 1.302313184736877884e+04
7.039400000000000546e+01 1.383180774330497661e+04
7.068250000000000455e+01 1.342293075950260754e+04
7.097100000000000364e+01 1.712878860687656925e+04
7.125950000000000273e+01 1.728063499526392843e+04
7.154800000000000182e+01 1.420851574736995826e+04
7.183650000000001512e+01 1.321428280438617730e+04
7.212500000000001421e+01 1.283765265311106123e+04
7.241350000000001330e+01 1.233137892418268711e+04
7.270200000000001239e+01 1.263807809471241490e+04
7.299050000000001148e+01 1.232260561210771448e+04
7.327900000000001057e+01 1.249018156709378127e+04
7.356750000000000966e+01 1.272165807115855205e+04
7.385600000000000875e+01 1.258898765415706112e+04
7.414450000000000784e+01 1.264324100531147997e+04
7.443300000000000693e+01 1.215982741132104093e+04
7.472150000000000603e+01 1.186702298882648756e+04
7.501000000000000512e+01 1.172321111416799795e+04
7.529850000000000421e+01 1.230601255042306184e+04
7.558700000000000330e+01 1.212392106793532002e+04
7.587550000000000239e+01 1.206137284491855644e+04
7.616400000000001569e+01 1.210668797181065929e+04
7.645250000000001478e+01 1.176912725334185780e+04
7.674100000000001387e+01 1.213769840512007249e+04
7.702950000000001296e+01 1.219371580413882293e+04
7.731800000000001205e+01 1.150454491185512961e+04
7.760650000000001114e+01 1.173950035049783583e+04
7.789500000000001023e+01 1.183712749008357059e+04
7.818350000000000932e+01 1.185359640662410129e+04
7.847200000000000841e+01 1.186100041222989421e+04
7.876050000000000750e+01 1.152584462419300144e+04
7.904900000000000659e+01 1.133212223928646927e+04
7.933750000000000568e+01 1.142136703843435680e+04
7.962600000000000477e+01 1.149379351700853476e+04
7.991450000000000387e+01 1.118042565252658278e+04
8.020300000000000296e+01 1.136648719338744741e+04
8.049150000000001626e+01 1.214847523230977276e+04
8.078000000000001535e+01 1.115102081505799470e+04
8.106850000000001444e+01 1.185551312318115379e+04
8.135700000000001353e+01 1.130248752264302675e+04
8.164550000000001262e+01 1.129687787688074968e+04
8.193400000000001171e+01 1.143337825117277862e+04
8.222250000000001080e+01 1.090543429994976032e+04
8.251100000000000989e+01 1.101822267892599302e+04
8.279950000000000898e+01 1.081074262232524961e+04
8.308800000000000807e+01 1.091598680848877666e+04
8.337650000000000716e+01 1.093465456286225162e+04
8.366500000000000625e+01 1.110335818483913317e+04
8.395350000000000534e+01 1.101251537015606118e+04
8.424200000000000443e+01 1.083488293528883514e+04
8.453050000000000352e+01 1.109063174870724288e+04
8.481900000000001683e+01 1.125447927935377265e+04
8.510750000000001592e+01 1.130456921802717443e+04
8.539600000000001501e+01 1.074960769252753016e+04
8.568450000000001410e+01 1.083094418435804801e+04
8.597300000000001319e+01 1.069551283172306285e+04
8.626150000000001228e+01 1.104938479053822266e+04
8.655000000000001137e+01 1.093679171531055908e+04
8.683850000000001046e+01 1.090984956015521129e+04
8.712700000000000955e+01 1.074854171699289509e+04
8.741550000000000864e+01 1.092812124412213052e+04
8.770400000000000773e+01 1.077148163232531806e+04
8.799250000000000682e+01 1.092185140406921710e+04
8.828100000000000591e+01 1.071270829421583039e+04
8.856950000000000500e+01 1.068277321547067913e+04
8.885800000000000409e+01 1.063063372853464170e+04
8.914650000000001739e+01 1.044765572679082470e+04
8.943500000000001648e+01 1.026812398762005432e+04
8.972350000000001558e+01 1.037813017970022884e+04
9.001200000000001467e+01 1.029714340673299193e+04
9.030050000000001376e+01 1.048741094841393897e+04
9.058900000000001285e+01 1.047463222610424418e+04
9.087750000000001194e+01 1.088089486544134161e+04
9.116600000000001103e+01 1.062205094821308194e+04
9.145450000000001012e+01 1.072495591760340540e+04
9.174300000000000921e+01 1.049144483928344380e+04
9.203150000000000830e+01 1.004011407713952576e+04
9.232000000000000739e+01 1.055897730386782496e+04
9.260850000000000648e+01 1.053669452386151352e+04
9.289700000000000557e+01 1.039990845599094428e+04
9.318550000000000466e+01 1.022204678439753297e+04
9.347400000000001796e+01 1.043287990719467052e+04
9.376250000000001705e+01 1.012134473246883317e+04
9.405100000000001614e+01 1.068752873765078948e+04
9.433950000000001523e+01 1.032096481174577093e+04
9.462800000000001432e+01 1.052946957230080443e+04
9.491650000000001342e+01 1.033447821542921156e+04
9.520500000000001251e+01 1.034125346933369474e+04
9.549350000000001160e+01 9.772415405239364190e+03
9.578200000000001069e+01 1.004469619912840972e+04
9.607050000000000978e+01 1.010152513406682556e+04
9.635900000000000887e+01 9.835185932999414945e+03
9.664750000000000796e+01 1.017105697596210121e+04
9.693600000000000705e+01 9.831409256474829817e+03
9.722450000000000614e+01 1.011525554095349980e+04
9.751300000000000523e+01 1.001107007408386562e+04
9.780150000000001853e+01 9.839547424106269318e+03
9.809000000000001762e+01 1.008703382772886471e+04
9.837850000000001671e+01 9.894165765027199086e+03
9.866700000000001580e+01 1.075643274159637804e+04
9.895550000000001489e+01 1.076230780633251197e+04
9.924400000000001398e+01 1.172234953756392497e+04
9.953250000000001307e+01 1.433001607358216279e+04
9.982100000000001216e+01 1.119535900225646947e+04
1.001095000000000113e+02 9.884919749457045327e+03
1.003980000000000103e+02 9.907762873040655904e+03
1.006865000000000094e+02 9.987016582410049523e+03
1.009750000000000085e+02 9.605110280259252249e+03
1.012635000000000076e+02 9.537496008896321655e+03
1.015520000000000067e+02 9.874519999958556582e+03
1.018405000000000058e+02 9.531306343438624026e+03
1.021290000000000191e+02 9.703127819153567543e+03
1.024175000000000182e+02 9.624180477388343206e+03
1.027060000000000173e+02 9.524647243878107474e+03
1.029945000000000164e+02 9.953867507806648064e+03
1.032830000000000155e+02 9.535350499229618435e+03
1.035715000000000146e+02 9.389311266344642718e+03
1.038600000000000136e+02 9.576175103775474781e+03
1.041485000000000127e+02 9.237642351705930196e+03
1.044370000000000118e+02 9.569515353699483967e+03
1.047255000000000109e+02 9.327158496677280709e+03
1.050140000000000100e+02 9.428109425601700423e+03
1.053025000000000091e+02 9.197885901465808274e+03
1.055910000000000082e+02 9.226081826028319483e+03
1.058795000000000073e+02 9.267412064737465698e+03
1.061680000000000064e+02 9.262406383595975058e+03
1.064565000000000197e+02 9.361332645081183728e+03
1.067450000000000188e+02 9.487292059152605361e+03
1.070335000000000178e+02 9.373219012272773398e+03
1.073220000000000169e+02 9.625550858223792602e+03
1.076105000000000160e+02 9.257818820718226561e+03
1.078990000000000151e+02 9.197061188917734398e+03
1.081875000000000142e+02 9.367592024687399316e+03
1.084760000000000133e+02 9.335454164360618961e+03
1.087645000000000124e+02 9.270734425296155678e+03
1.090530000000000115e+02 9.260939444677262145e+03
1.093415000000000106e+02 9.085479519851909572e+03
1.096300000000000097e+02 9.236064166798567385e+03
1.099185000000000088e+02 9.051109777467310778e+03
1.102070000000000078e+02 9.123885603579919916e+03
1.104955000000000069e+02 9.067131174474061481e+03
1.107840000000000202e+02 9.090641348480634406e+03
1.110725000000000193e+02 9.176365221417714565e+03
1.113610000000000184e+02 8.891368956627691659e+03
1.116495000000000175e+02 8.942575704453416620e+03
1.119380000000000166e+02 8.953263532286713598e+03
1.122265000000000157e+02 9.126347417912807941e+03
1.125150000000000148e+02 8.843175775972009433e+03
1.128035000000000139e+02 8.569796902408526876e+03
1.130920000000000130e+02 9.013803213950572172e+03
1.133805000000000121e+02 8.777306241223262987e+03
1.136690000000000111e+02 9.312238036796759843e+03
1.139575000000000102e+02 9.437776649226494555e+03
1.142460000000000093e+02 9.440477291266159227e+03
1.145345000000000084e+02 8.909576758928169511e+03
1.148230000000000075e+02 8.657508934418232457e+03
1.151115000000000066e+02 8.888588501598031144e+03
1.154000000000000199e+02 8.940218477936134150e+03
1.156885000000000190e+02 8.913766838163021021e+03
1.159770000000000181e+02 8.695942078474581649e+03
1.162655000000000172e+02 8.646273346438421868e+03
1.165540000000000163e+02 8.692851688048018332e+03
1.168425000000000153e+02 8.685417774854009622e+03
1.171310000000000144e+02 8.611589172614116251e+03
1.174195000000000135e+02 8.496217490724407980e+03
1.177080000000000126e+02 8.532350687761683730e+03
1.179965000000000117e+02 8.896466110400149773e+03
1.182850000000000108e+02 8.736153075445088689e+03
1.185735000000000099e+02 8.659961416550378999e+03
1.188620000000000090e+02 8.656677814991349805e+03
1.191505000000000081e+02 8.734802220288740500e+03
1.194390000000000072e+02 8.742286517988746709e+03
1.197275000000000205e+02 8.614021643717238476e+03
1.200160000000000196e+02 8.585444720926998343e+03
1.203045000000000186e+02 8.606731918890878660e+03
1.205930000000000177e+02 8.610718311927746981e+03
1.208815000000000168e+02 8.451771158343661227e+03
1.211700000000000159e+02 8.536827450921025957e+03
1.214585000000000150e+02 8.678162083516775965e+03
1.217470000000000141e+02 8.554810823551664726e+03
1.220355000000000132e+02 8.580441871817458377e+03
1.223240000000000123e+02 8.468992378482071217e+03
1.226125000000000114e+02 8.463774117711644067e+03
1.229010000000000105e+02 8.538430846790430223e+03
1.231895000000000095e+02 8.396212064501269197e+03
1.234780000000000086e+02 8.175707670011972368e+03
1.237665000000000077e+02 8.317489859284734848e+03
1.240550000000000210e+02 8.439041219401768103e+03
1.243435000000000201e+02 8.296077740914884998e+03
1.246320000000000192e+02 8.336588422510638338e+03
1.249205000000000183e+02 8.449602643063051801e+03
1.252090000000000174e+02 8.291488923883225652e+03
1.254975000000000165e+02 8.396519936314214647e+03
1.257860000000000156e+02 8.431888364620863285e+03
1.260745000000000147e+02 8.160039740004156556e+03
1.263630000000000138e+02 8.267682505278426106e+03
1.266515000000000128e+02 8.365460220807764927e+03
1.269400000000000119e+02 8.428928046819481096e+03
1.272285000000000110e+02 8.313934030143782365e+03
1.275170000000000101e+02 8.030620966544513976e+03
1.278055000000000092e+02 8.176311562778480038e+03
1.280940000000000225e+02 8.197466354428339400e+03
1.283825000000000216e+02 8.284902812801350592e+03
1.286710000000000207e+02 8.273046482919420669e+03
1.289595000000000198e+02 8.292356035074970350e+03
1.292480000000000189e+02 8.182864448815480500e+03
1.295365000000000180e+02 8.221703407477605651e+03
1.298250000000000171e+02 8.049236785108828371e+03
1.301135000000000161e+02 8.070134649183850343e+03
1.304020000000000152e+02 7.998575588856426293e+03
1.306905000000000143e+02 8.166350537422087655e+03
1.309790000000000134e+02 8.044079889208025634e+03
1.312675000000000125e+02 8.138043926467537858e+03
1.315560000000000116e+02 7.996368293440044908e+03
1.318445000000000107e+02 8.047938040200220712e+03
1.321330000000000098e+02 7.973231455327876574e+03
1.324215000000000089e+02 8.174425471140638365e+03
1.327100000000000080e+02 7.885757735246136690e+03
1.329985000000000070e+02 8.053678338078654633e+03
1.332870000000000061e+02 8.111732155680182586e+03
1.335755000000000052e+02 7.844560734970695194e+03
1.338640000000000043e+02 8.039918797426108540e+03
1.341525000000000034e+02 8.775444616138847778e+03
1.344410000000000025e+02 7.911089901196401115e+03
1.347295000000000300e+02 7.959798610545074553e+03
1.350180000000000291e+02 8.014024476389553456e+03
1.353065000000000282e+02 7.851892010169316563e+03
1.355950000000000273e+02 7.800848835017057354e+03
1.358835000000000264e+02 7.977175349308356999e+03
1.361720000000000255e+02 7.675324199106906235e+03
1.364605000000000246e+02 7.863748053043299478e+03
1.367490000000000236e+02 7.655311214554614708e+03
1.370375000000000227e+02 7.972550246386472281e+03
1.373260000000000218e+02 7.834411509932191620e+03
1.376145000000000209e+02 7.693733207027949902e+03
1.379030000000000200e+02 7.917171131952387441e+03
1.381915000000000191e+02 7.737650191456534230e+03
1.384800000000000182e+02 7.866435047751049751e+03
1.387685000000000173e+02 7.773033394767751815e+03
1.390570000000000164e+02 7.797752044432933872e+03
1.393455000000000155e+02 7.811011370091477147e+03
1.396340000000000146e+02 7.777467475275960169e+03
1.399225000000000136e+02 7.597964191166246565e+03
1.402110000000000127e+02 7.627787658599485439e+03
1.404995000000000118e+02 7.732110282905931854e+03
1.407880000000000109e+02 7.835668304707511197e+03
1.410765000000000100e+02 7.874297005937529320e+03
1.413650000000000091e+02 7.747937107324636600e+03
1.416535000000000082e+02 7.846492131382579828e+03
1.419420000000000073e+02 7.966322151560502789e+03
1.422305000000000064e+02 8.041671783893935753e+03
1.425190000000000055e+02 7.687919452560088757e+03
1.428075000000000045e+02 7.616718637868995756e+03
1.430960000000000036e+02 7.861019572778339352e+03
1.433845000000000312e+02 7.673147337441269883e+03
1.436730000000000302e+02 7.523504380417588436e+03
1.439615000000000293e+02 7.741580863737778600e+03
1.442500000000000284e+02 7.595989687186173796e+03
1.445385000000000275e+02 7.450923495687316972e+03
1.448270000000000266e+02 7.470495852526272756e+03
1.451155000000000257e+02 7.711945219621562501e+03
1.454040000000000248e+02 7.497600646631421114e+03
1.456925000000000239e+02 7.365336746863042208e+03
1.459810000000000230e+02 7.480303274482394954e+03
1.462695000000000221e+02 7.477607612902903384e+03
1.465580000000000211e+02 7.507117669573316562e+03
1.468465000000000202e+02 7.374770965492275536e+03
1.471350000000000193e+02 7.386638888126575694e+03
1.474235000000000184e+02 7.524429492322523402e+03
1.477120000000000175e+02 7.692141454255350254e+03
1.480005000000000166e+02 7.702662774719930894e+03
1.482890000000000157e+02 7.673856302036315356e+03
1.485775000000000148e+02 7.587236972162391794e+03
1.488660000000000139e+02 7.483714656961903529e+03
1.491545000000000130e+02 8.369371276103820492e+03
1.494430000000000121e+02 7.457087519980544130e+03
1.497315000000000111e+02 7.397294561144811269e+03
1.500200000000000102e+02 7.486755918696240769e+03
1.503085000000000093e+02 7.558969131332318284e+03
1.505970000000000084e+02 7.459619481864184309e+03
1.508855000000000075e+02 7.444566403296984390e+03
1.511740000000000066e+02 7.335865041955536071e+03
1.514625000000000057e+02 7.505723920948093109e+03
1.517510000000000048e+02 7.437244586831282504e+03
1.520395000000000039e+02 7.405042681948643803e+03
1.523280000000000314e+02 7.386246062674988934e+03
1.526165000000000305e+02 7.414853404342210524e+03
1.529050000000000296e+02 7.110126998278195970e+03
1.531935000000000286e+02 7.246440128663504765e+03
1.534820000000000277e+02 7.198213618587550627e+03
1.537705000000000268e+02 7.365057463645802272e+03
1.540590000000000259e+02 7.532783086753978750e+03
1.543475000000000250e+02 7.312447471424697142e+03
1.546360000000000241e+02 7.259480287685854819e+03
1.549245000000000232e+02 7.378852547182119451e+03
1.552130000000000223e+02 7.224391772584132923e+03
1.555015000000000214e+02 7.138916576836533750e+03
1.557900000000000205e+02 7.336714734771707299e+03
1.560785000000000196e+02 7.229130630132134684e+03
1.563670000000000186e+02 7.316346283390188546e+03
1.566555000000000177e+02 7.219500393812366383e+03
1.569440000000000168e+02 7.104113604355337884e+03
1.572325000000000159e+02 6.982836650977078534e+03
1.575210000000000150e+02 7.348439110527395314e+03
1.578095000000000141e+02 7.236092012767785491e+03
1.580980000000000132e+02 6.977289313716443758e+03
1.583865000000000123e+02 7.114545573066960060e+03
1.586750000000000114e+02 7.086038012334299310e+03
1.589635000000000105e+02 7.198948446787230750e+03
1.592520000000000095e+02 7.099995230297860871e+03
1.595405000000000086e+02 7.162919004807891724e+03
1.598290000000000077e+02 7.131130811835672830e+03
1.601175000000000068e+02 7.158957870798299155e+03
1.604060000000000059e+02 7.016303303646887798e+03
1.606945000000000050e+02 7.091814978998992956e+03
1.609830000000000325e+02 7.233766454098607028e+03
1.612715000000000316e+02 7.105839563115354395e+03
1.615600000000000307e+02 7.182009757361511220e+03
1.618485000000000298e+02 7.057178005363672128e+03
1.621370000000000289e+02 7.083291325876011797e+03
1.624255000000000280e+02 6.961065723130736842e+03
1.627140000000000271e+02 7.174055327366299025e+03
1.630025000000000261e+02 7.257634353571701467e+03
1.632910000000000252e+02 7.171257867164564232e+03
1.635795000000000243e+02 7.059796093760480289e+03
1.638680000000000234e+02 6.891719737494759102e+03
1.641565000000000225e+02 6.811622180355776436e+03
1.644450000000000216e+02 7.087418980313485918e+03
1.647335000000000207e+02 6.901560865899612509e+03
1.650220000000000198e+02 7.024939282726545571e+03
1.653105000000000189e+02 6.988326478970132484e+03
1.655990000000000180e+02 7.021593261326658649e+03
1.658875000000000171e+02 7.098089828803763339e+03
1.661760000000000161e+02 7.136610588694977196e+03
1.664645000000000152e+02 7.127341525700214333e+03
1.667530000000000143e+02 6.793323882520126972e+03
1.670415000000000134e+02 6.743682491076679980e+03
1.673300000000000125e+02 7.043914986541754843e+03
1.676185000000000116e+02 7.355089315129490387e+03
1.679070000000000107e+02 7.226264100385214078e+03
1.681955000000000098e+02 7.008983945857014078e+03
1.684840000000000089e+02 6.992111955111281532e+03
1.687725000000000080e+02 7.115239450502591353e+03
1.690610000000000070e+02 7.524542547311877570e+03
1.693495000000000061e+02 7.033009999571959270e+03
1.696380000000000337e+02 6.932507970753989866e+03
1.699265000000000327e+02 6.905666189188636054e+03
1.702150000000000318e+02 6.827902213583681259e+03
1.705035000000000309e+02 6.850903679980972811e+03
1.707920000000000300e+02 6.800021857441677639e+03
1.710805000000000291e+02 6.883552504395626784e+03
1.713690000000000282e+02 6.914173812930080203e+03
1.716575000000000273e+02 6.782957558701185917e+03
1.719460000000000264e+02 6.787715997789000539e+03
1.722345000000000255e+02 6.897398448534425370e+03
1.725230000000000246e+02 6.916637502359889368e+03
1.728115000000000236e+02 7.531721715770256196e+03
1.731000000000000227e+02 6.877423183308917942e+03
1.733885000000000218e+02 6.728277779077423475e+03
1.736770000000000209e+02 6.797518236569900182e+03
1.739655000000000200e+02 6.735465266382747359e+03
1.742540000000000191e+02 6.686110410089662764e+03
1.745425000000000182e+02 6.932594819224103958e+03
1.748310000000000173e+02 6.744112969807194531e+03
1.751195000000000164e+02 6.774099209510009132e+03
1.754080000000000155e+02 6.726175822653347495e+03
1.756965000000000146e+02 6.728852937276406010e+03
1.759850000000000136e+02 6.698783999986754679e+03
1.762735000000000127e+02 6.790099801650374502e+03
1.765620000000000118e+02 6.765812764117193183e+03
1.768505000000000109e+02 6.747386602364849750e+03
1.771390000000000100e+02 6.869882692203715123e+03
1.774275000000000091e+02 6.757846265347172448e+03
1.777160000000000082e+02 6.699556639635522515e+03
1.780045000000000073e+02 6.774902907294584111e+03
1.782930000000000348e+02 6.764786010726285895e+03
1.785815000000000339e+02 6.855205253090602127e+03
1.788700000000000330e+02 6.710610920874067233e+03
1.791585000000000321e+02 6.825973501278701406e+03
1.794470000000000312e+02 6.601482863720028035e+03
1.797355000000000302e+02 6.788181121869556591e+03
1.800240000000000293e+02 6.571013677569727406e+03
1.803125000000000284e+02 6.623810178996534887e+03
1.806010000000000275e+02 6.889198522835154108e+03
1.808895000000000266e+02 6.845105327603334445e+03
1.811780000000000257e+02 6.799657226708229246e+03
1.814665000000000248e+02 6.762610315300586990e+03
1.817550000000000239e+02 6.547021741693865806e+03
1.820435000000000230e+02 6.752913751010856686e+03
1.823320000000000221e+02 6.761184511562187254e+03
1.826205000000000211e+02 6.718530895365442120e+03
1.829090000000000202e+02 6.691740044472888258e+03
1.831975000000000193e+02 6.550718302098193817e+03
1.834860000000000184e+02 6.601126127495504988e+03
1.837745000000000175e+02 6.760357799457067813e+03
1.840630000000000166e+02 6.649282638143276927e+03
1.843515000000000157e+02 6.468432215047593672e+03
1.846400000000000148e+02 6.671244223949027401e+03
1.849285000000000139e+02 6.710144726858672584e+03
1.852170000000000130e+02 6.565288630699462374e+03
1.855055000000000121e+02 6.526889943779080568e+03
1.857940000000000111e+02 6.619416947799661102e+03
1.860825000000000102e+02 6.647758613526533736e+03
1.863710000000000093e+02 6.581872861577295225e+03
1.866595000000000084e+02 6.481476016886358593e+03
1.869480000000000359e+02 6.646680553868894094e+03
1.872365000000000350e+02 6.672460349875982502e+03
1.875250000000000341e+02 6.624901080556226589e+03
1.878135000000000332e+02 6.611408034173337001e+03
1.881020000000000323e+02 6.493589137406595000e+03
1.883905000000000314e+02 6.599922055443667887e+03
1.886790000000000305e+02 6.366755299944789840e+03
1.889675000000000296e+02 6.442439691024834246e+03
1.892560000000000286e+02 6.626364591177705734e+03
1.895445000000000277e+02 6.452197805087565939e+03
1.898330000000000268e+02 6.479069898065705274e+03
1.901215000000000259e+02 6.331162958488897857e+03
1.904100000000000250e+02 6.499229121767043580e+03
1.906985000000000241e+02 6.405826064038115874e+03
1.909870000000000232e+02 6.479723684464722282e+03
1.912755000000000223e+02 6.459839132413852894e+03
1.915640000000000214e+02 6.531956301216223437e+03
1.918525000000000205e+02 6.511683965435209757e+03
1.921410000000000196e+02 6.461406060490930031e+03
1.924295000000000186e+02 6.625181626846859217e+03
1.927180000000000177e+02 6.518960047261695763e+03
1.930065000000000168e+02 6.347741530743402109e+03
1.932950000000000159e+02 6.502549163084102474e+03
1.935835000000000150e+02 6.545191693051883703e+03
1.938720000000000141e+02 6.564236956096211543e+03
1.941605000000000132e+02 6.579174989261682640e+03
1.944490000000000123e+02 6.990751220260186528e+03
1.947375000000000114e+02 7.581201871754913554e+03
1.950260000000000105e+02 6.553980707978690589e+03
1.953145000000000095e+02 6.460291464810630714e+03
1.956030000000000371e+02 6.489838099839746974e+03
1.958915000000000362e+02 6.431257826292876416e+03
1.961800000000000352e+02 6.351319998987809413e+03
1.964685000000000343e+02 6.546219283999867002e+03
1.967570000000000334e+02 6.307887217795454490e+03
1.970455000000000325e+02 6.417849671357341322e+03
1.973340000000000316e+02 6.392774198507818255e+03
1.976225000000000307e+02 6.369907663524210875e+03
1.979110000000000298e+02 6.333403666878584772e+03
1.981995000000000289e+02 6.287033409188003134e+03
1.984880000000000280e+02 6.551537675601033698e+03
1.987765000000000271e+02 6.721628545209841832e+03
1.990650000000000261e+02 6.542504770540201207e+03
1.993535000000000252e+02 6.304159966249568242e+03
1.996420000000000243e+02 6.396954583304822336e+03
1.999305000000000234e+02 6.381008038992041293e+03
2.002190000000000225e+02 6.287873076917036087e+03
2.005075000000000216e+02 6.440868109626407204e+03
2.007960000000000207e+02 6.332974098731750928e+03
2.010845000000000198e+02 6.477521308566258995e+03
2.013730000000000189e+02 6.378613833997577785e+03
2.016615000000000180e+02 6.318284940719205224e+03
2.019500000000000171e+02 6.296841129888603973e+03
2.022385000000000161e+02 6.372732174506353658e+03
2.025270000000000152e+02 6.290498477901293882e+03
2.028155000000000143e+02 6.299256302908602265e+03
2.031040000000000134e+02 6.276052436258733906e+03
2.033925000000000125e+02 6.311259923219307893e+03
2.036810000000000116e+02 6.260056276601146237e+03
2.039695000000000107e+02 6.321071569843113139e+03
2.042580000000000382e+02 6.295771614682703330e+03
2.045465000000000373e+02 6.235638941354632152e+03
2.048350000000000364e+02 6.186037901731515376e+03
2.051235000000000355e+02 6.254943449189933744e+03
2.054120000000000346e+02 6.206665628940125316e+03
2.057005000000000337e+02 6.180751375017832288e+03
2.059890000000000327e+02 6.269219959465763168e+03
2.062775000000000318e+02 6.178126090953403036e+03
2.065660000000000309e+02 6.258267600224066882e+03
2.068545000000000300e+02 6.209188069439105675e+03
2.071430000000000291e+02 6.327928997775432435e+03
2.074315000000000282e+02 6.276146502786099518e+03
2.077200000000000273e+02 6.269753034652118913e+03
2.080085000000000264e+02 6.126684819287910614e+03
2.082970000000000255e+02 6.215034864895492319e+03
2.085855000000000246e+02 6.210127801969853863e+03
2.088740000000000236e+02 6.319511882034153132e+03
2.091625000000000227e+02 6.264344674812962694e+03
2.094510000000000218e+02 6.211612772954239517e+03
2.097395000000000209e+02 6.212656721824082524e+03
2.100280000000000200e+02 6.195968475222105553e+03
2.103165000000000191e+02 6.151076615420853159e+03
2.106050000000000182e+02 6.217353944611807492e+03
2.108935000000000173e+02 6.194723113215489320e+03
2.111820000000000164e+02 6.264718942731695279e+03
2.114705000000000155e+02 6.150662326655995457e+03
2.117590000000000146e+02 6.252149338728094335e+03
2.120475000000000136e+02 6.142296380816067540e+03
2.123360000000000127e+02 6.223385799778039654e+03
2.126245000000000118e+02 6.189988720756729890e+03
2.129130000000000393e+02 6.160636320625128974e+03
2.132015000000000384e+02 6.154476984388919846e+03
2.134900000000000375e+02 6.183788107891376967e+03
2.137785000000000366e+02 6.244128418995687753e+03
2.140670000000000357e+02 6.236193824845703602e+03
2.143555000000000348e+02 6.160963670714050750e+03
2.146440000000000339e+02 6.258497757612210080e+03
2.149325000000000330e+02 6.152164963835975868e+03
2.152210000000000321e+02 6.269786181775414661e+03
2.155095000000000312e+02 6.181625211259899515e+03
2.157980000000000302e+02 6.097295293588866116e+03
2.160865000000000293e+02 6.183900882436091706e+03
2.163750000000000284e+02 6.062812013464315896e+03
2.166635000000000275e+02 6.114710630251179282e+03
2.169520000000000266e+02 6.107758839768403959e+03
2.172405000000000257e+02 6.140918973033388284e+03
2.175290000000000248e+02 6.219278930408409906e+03
2.178175000000000239e+02 6.074475275309478093e+03
2.181060000000000230e+02 6.171247090258666503e+03
2.183945000000000221e+02 6.051185245887381825e+03
2.186830000000000211e+02 6.171145135754712101e+03
2.189715000000000202e+02 6.215236271341797874e+03
2.192600000000000193e+02 6.102016644012658617e+03
2.195485000000000184e+02 6.129388471433477207e+03
2.198370000000000175e+02 6.127075144529643694e+03
2.201255000000000166e+02 6.111603261151276456e+03
2.204140000000000157e+02 6.092493813432073694e+03
2.207025000000000148e+02 6.050871610988714565e+03
2.209910000000000139e+02 6.038081298505230734e+03
2.212795000000000130e+02 6.146639505072318570e+03
2.215680000000000405e+02 6.145874982885861755e+03
2.218565000000000396e+02 6.079508513459511050e+03
2.221450000000000387e+02 6.154794496518185952e+03
2.224335000000000377e+02 6.079560051807661694e+03
2.227220000000000368e+02 5.992791389905177311e+03
2.230105000000000359e+02 6.034656716936013254e+03
2.232990000000000350e+02 6.022711914516991783e+03
2.235875000000000341e+02 6.106125439551966338e+03
2.238760000000000332e+02 6.137885775105215544e+03
2.241645000000000323e+02 6.116793813193677124e+03
2.244530000000000314e+02 6.115572697133796282e+03
2.247415000000000305e+02 6.118775122629253929e+03
2.250300000000000296e+02 5.980508734924067539e+03
2.253185000000000286e+02 5.971050674571303716e+03
2.256070000000000277e+02 6.154428849697586884e+03
2.258955000000000268e+02 6.050160570647330132e+03
2.261840000000000259e+02 6.105369365230983021e+03
2.264725000000000250e+02 6.051226451000210545e+03
2.267610000000000241e+02 6.025500504580816596e+03
2.270495000000000232e+02 5.920294184149121065e+03
2.273380000000000223e+02 6.040456601839300674e+03
2.276265000000000214e+02 6.093630872979032574e+03
2.279150000000000205e+02 6.114858418427040306e+03
2.282035000000000196e+02 6.268072781305423632e+03
2.284920000000000186e+02 5.938517022143958457e+03
2.287805000000000177e+02 5.970581752777486145e+03
2.290690000000000168e+02 6.097661495196051874e+03
2.293575000000000159e+02 6.025163669993322401e+03
2.296460000000000150e+02 6.009156119138682698e+03
2.299345000000000141e+02 6.107227075708406119e+03
2.302230000000000132e+02 6.016249340612404922e+03
2.305115000000000407e+02 5.992277222428554524e+03
2.308000000000000398e+02 6.134250120390349366e+03
2.310885000000000389e+02 6.027837036547870412e+03
2.313770000000000380e+02 6.025400548176152370e+03
2.316655000000000371e+02 6.060632644427309060e+03
2.319540000000000362e+02 6.047387741882088449e+03
2.322425000000000352e+02 6.076853580814844463e+03
2.325310000000000343e+02 6.036123042067506503e+03
2.328195000000000334e+02 6.033558383241502270e+03
2.331080000000000325e+02 5.974468689735226690e+03
2.333965000000000316e+02 6.020040068616091048e+03
2.336850000000000307e+02 6.019918638608181027e+03
2.339735000000000298e+02 5.990001535511823022e+03
2.342620000000000289e+02 5.971970960814409409e+03
2.345505000000000280e+02 5.972385517266970965e+03
2.348390000000000271e+02 5.900040676427180188e+03
2.351275000000000261e+02 5.991474624080550711e+03
2.354160000000000252e+02 5.937866344971644139e+03
2.357045000000000243e+02 5.969204880207103088e+03
2.359930000000000234e+02 5.966947298171950933e+03
2.362815000000000225e+02 5.969442360867642492e+03
2.365700000000000216e+02 5.949854659705169070e+03
2.368585000000000207e+02 5.958897338935709740e+03
2.371470000000000198e+02 5.999046476443562824e+03
2.374355000000000189e+02 5.962871220116792756e+03
2.377240000000000180e+02 5.884383644537520922e+03
2.380125000000000171e+02 6.026360267822976311e+03
2.383010000000000161e+02 5.980720983974358205e+03
2.385895000000000152e+02 6.044637056068982019e+03
2.388780000000000143e+02 5.938645967277218006e+03
2.391665000000000418e+02 5.981115685894515082e+03
2.394550000000000409e+02 5.920377281323778334e+03
2.397435000000000400e+02 5.907290391961084424e+03
2.400320000000000391e+02 5.888416327463186462e+03
2.403205000000000382e+02 5.985509482577017479e+03
2.406090000000000373e+02 5.898957175229042150e+03
2.408975000000000364e+02 5.983888738553367148e+03
2.411860000000000355e+02 5.883779487556061213e+03
2.414745000000000346e+02 5.882930587337794350e+03
2.417630000000000337e+02 6.016596848643869635e+03
2.420515000000000327e+02 5.952845435122369054e+03
2.423400000000000318e+02 5.943871951261967297e+03
2.426285000000000309e+02 5.946138553830917772e+03
2.429170000000000300e+02 5.882296562287706365e+03
2.432055000000000291e+02 5.867980898515218541e+03
2.434940000000000282e+02 5.962866704848655900e+03
2.437825000000000273e+02 5.943813364299328896e+03
2.440710000000000264e+02 5.903527963218432888e+03
2.443595000000000255e+02 5.889950959967577546e+03
2.446480000000000246e+02 5.863736984800959362e+03
2.449365000000000236e+02 5.941984137590683531e+03
2.452250000000000227e+02 6.020059736787911788e+03
2.455135000000000218e+02 5.861519197271461053e+03
2.458020000000000209e+02 5.954564662591977140e+03
2.460905000000000200e+02 5.948122214561484725e+03
2.463790000000000191e+02 5.871841072067684763e+03
2.466675000000000182e+02 6.147490231779946953e+03
2.469560000000000173e+02 6.219329512870064718e+03
2.472445000000000164e+02 6.172989353456819117e+03
2.475330000000000155e+02 6.440786010090781019e+03
2.478215000000000430e+02 7.381364747678568165e+03
2.481100000000000421e+02 1.588281102293886033e+04
2.483985000000000412e+02 1.732372231756291876e+04
2.486870000000000402e+02 7.682064012198162345e+03
2.489755000000000393e+02 6.440561525256627647e+03
2.492640000000000384e+02 6.097610732489461043e+03
2.495525000000000375e+02 5.994637390018394399e+03
2.498410000000000366e+02 6.059724438032173566e+03
2.501295000000000357e+02 6.047296926948030887e+03
2.504180000000000348e+02 5.992983035545486928e+03
2.507065000000000339e+02 5.899548759210865683e+03
2.509950000000000330e+02 5.870419107112140409e+03
2.512835000000000321e+02 5.922880079307179585e+03
2.515720000000000312e+02 5.933247095998538498e+03
2.518605000000000302e+02 5.885102536001992121e+03
2.521490000000000293e+02 5.830956880156159968e+03
2.524375000000000284e+02 5.969196430047111789e+03
2.527260000000000275e+02 5.753122553205379518e+03
2.530145000000000266e+02 5.876328362193919020e+03
2.533030000000000257e+02 5.987198312032800459e+03
2.535915000000000248e+02 5.842447206452590763e+03
2.538800000000000239e+02 5.829413634105749225e+03
2.541685000000000230e+02 5.846609894531958162e+03
2.544570000000000221e+02 5.857293629182303448e+03
2.547455000000000211e+02 5.797574468537660323e+03
2.550340000000000202e+02 5.918957578667541384e+03
2.553225000000000193e+02 5.866810233237412831e+03
2.556110000000000184e+02 5.849531366715439617e+03
2.558995000000000175e+02 5.844589827936475558e+03
2.561880000000000450e+02 5.837102045687212922e+03
2.564765000000000441e+02 5.834805806965319789e+03
2.567650000000000432e+02 5.859218359590370710e+03
2.570535000000000423e+02 5.796366876601910917e+03
2.573420000000000414e+02 5.837801395463016888e+03
2.576305000000000405e+02 5.880596615338677111e+03
2.579190000000000396e+02 5.825237958526763578e+03
2.582075000000000387e+02 5.832990640497931963e+03
2.584960000000000377e+02 5.890888999409853568e+03
2.587845000000000368e+02 5.840421779491215602e+03
2.590730000000000359e+02 5.813928871513177000e+03
2.593615000000000350e+02 5.894012038357470374e+03
2.596500000000000341e+02 5.897584772717599662e+03
2.599385000000000332e+02 5.831474816574930628e+03
2.602270000000000323e+02 5.848488554810370260e+03
2.605155000000000314e+02 5.781979174698993120e+03
2.608040000000000305e+02 5.812746955393352437e+03
2.610925000000000296e+02 5.827003098028334534e+03
2.613810000000000286e+02 5.865076155778087923e+03
2.616695000000000277e+02 5.848126919616158375e+03
2.619580000000000268e+02 5.939321419639393753e+03
2.622465000000000259e+02 5.917814289649948478e+03
2.625350000000000250e+02 5.864564532222078924e+03
2.628235000000000241e+02 5.839915229224995528e+03
2.631120000000000232e+02 5.780739161194311237e+03
2.634005000000000223e+02 5.814685939948732994e+03
2.636890000000000214e+02 5.826240410912270818e+03
2.639775000000000205e+02 5.885989733514811633e+03
2.642660000000000196e+02 5.804278329909327113e+03
2.645545000000000186e+02 5.866315275379858576e+03
2.648430000000000177e+02 5.779926413841702924e+03
2.651315000000000168e+02 5.815310097109201706e+03
2.654200000000000159e+02 5.805085113720860136e+03
2.657085000000000150e+02 5.829679006051454962e+03
2.659970000000000141e+02 5.947967628898434668e+03
2.662855000000000132e+02 5.793062540938704842e+03
2.665740000000000123e+02 5.719014779472909140e+03
2.668625000000000114e+02 5.890246153449855228e+03
2.671510000000000105e+02 5.777281326545962656e+03
2.674395000000000095e+02 5.746344443366649102e+03
2.677280000000000086e+02 5.906330189901960694e+03
2.680165000000000077e+02 5.797861217793836659e+03
2.683050000000000068e+02 6.070746034013534882e+03
2.685935000000000059e+02 5.826364236129583333e+03
2.688820000000000050e+02 5.835989954214939644e+03
2.691705000000000041e+02 5.782303806830424037e+03
2.694590000000000600e+02 5.774519392453998080e+03
2.697475000000000591e+02 5.787422701102866085e+03
2.700360000000000582e+02 5.797303588392912388e+03
2.703245000000000573e+02 5.825206921203038291e+03
2.706130000000000564e+02 5.680920196842860605e+03
2.709015000000000555e+02 5.821586305964805433e+03
2.711900000000000546e+02 5.851233764809740933e+03
2.714785000000000537e+02 5.905489807522651063e+03
2.717670000000000528e+02 5.763580405209478158e+03
2.720555000000000518e+02 5.864982579839762366e+03
2.723440000000000509e+02 5.912286114583373092e+03
2.726325000000000500e+02 5.809914341716489616e+03
2.729210000000000491e+02 5.755793966070941678e+03
2.732095000000000482e+02 5.795987069494595744e+03
2.734980000000000473e+02 5.755985908504982945e+03
2.737865000000000464e+02 5.791879590336520778e+03
2.740750000000000455e+02 5.781779493227923922e+03
2.743635000000000446e+02 5.875861652872315972e+03
2.746520000000000437e+02 6.020986551192588195e+03
2.749405000000000427e+02 6.109338773412949195e+03
2.752290000000000418e+02 6.292959476331941005e+03
2.755175000000000409e+02 5.896481899007367247e+03
2.758060000000000400e+02 5.851466405843468237e+03
2.760945000000000391e+02 5.758582017411459674e+03
2.763830000000000382e+02 5.756049642986973595e+03
2.766715000000000373e+02 5.699572335647036198e+03
2.769600000000000364e+02 5.774893112277496584e+03
2.772485000000000355e+02 5.855224128213802032e+03
2.775370000000000346e+02 5.933879542841625153e+03
2.778255000000000337e+02 5.860488994463856216e+03
2.781140000000000327e+02 5.752711631249444508e+03
2.784025000000000318e+02 5.829758002501092960e+03
2.786910000000000309e+02 5.866876843989517511e+03
2.789795000000000300e+02 5.760140132294365685e+03
2.792680000000000291e+02 5.820700589351954477e+03
2.795565000000000282e+02 5.748218729744024131e+03
2.798450000000000273e+02 5.819768399053476060e+03
2.801335000000000264e+02 5.852607176672177047e+03
2.804220000000000255e+02 5.823592811941167383e+03
2.807105000000000246e+02 5.802355231939322039e+03
2.809990000000000236e+02 5.792379085577384103e+03
2.812875000000000227e+02 5.825975798060151646e+03
2.815760000000000218e+02 5.773357369644603750e+03
2.818645000000000209e+02 5.885755978376933854e+03
2.821530000000000200e+02 5.800754747274501824e+03
2.824415000000000191e+02 5.744965042966485271e+03
2.827300000000000182e+02 5.824754101296430235e+03
2.830185000000000173e+02 5.754784042786341161e+03
2.833070000000000164e+02 5.775011008396436409e+03
2.835955000000000155e+02 5.749918129594590027e+03
2.838840000000000146e+02 5.852920085694372574e+03
2.841725000000000136e+02 5.833136202499238607e+03
2.844610000000000127e+02 5.860908454243591223e+03
2.847495000000000118e+02 5.857450998675145456e+03
2.850380000000000109e+02 5.797068110321345557e+03
2.853265000000000100e+02 5.816781716978799523e+03
2.856150000000000091e+02 5.748860006301330031e+03
2.859035000000000082e+02 5.790269952359894887e+03
2.861920000000000073e+02 5.763427811378308434e+03
2.864805000000000064e+02 5.750046452690056867e+03
2.867690000000000623e+02 5.845468029353110069e+03
2.870575000000000614e+02 5.727291517165987898e+03
2.873460000000000605e+02 5.776187637769167850e+03
2.876345000000000596e+02 5.744894509238609317e+03
2.879230000000000587e+02 5.742161713382935886e+03
2.882115000000000578e+02 5.760111717046227568e+03
2.885000000000000568e+02 5.139606909924202228e+03
