2.885000000000000342e-01 4.533197843146702508e+05
5.770000000000000684e-01 2.746679925214803661e+05
8.655000000000001581e-01 1.809006011797570973e+05
1.154000000000000137e+00 1.422627514792995935e+05
1.442500000000000115e+00 1.068264187554107339e+05
1.731000000000000316e+00 1.109724752811365033e+05
2.019500000000000295e+00 8.461460705587636039e+04
2.308000000000000274e+00 6.201829805325494090e+04
2.596500000000000252e+00 6.646492664826501277e+04
2.885000000000000231e+00 6.289701881447406777e+04
3.173500000000000210e+00 4.610831506014346087e+04
3.462000000000000632e+00 5.538460170928399748e+04
3.750500000000000611e+00 4.488952401780510991e+04
4.039000000000000590e+00 4.118751768179063947e+04
4.327500000000000568e+00 4.219849810666539997e+04
4.616000000000000547e+00 3.458245449291703699e+04
4.904500000000000526e+00 4.223105672609956673e+04
5.193000000000000504e+00 3.550763744896838762e+04
5.481500000000000483e+00 4.900058392558828928e+04
5.770000000000000462e+00 3.873738206805261143e+04
6.058500000000000441e+00 3.510225129584174283e+04
6.347000000000000419e+00 2.946452323303319281e+04
6.635500000000000398e+00 3.645572606729001564e+04
6.924000000000001265e+00 3.329225408730678464e+04
7.212500000000001243e+00 2.605519750594961079e+04
7.501000000000001222e+00 2.768378520274240145e+04
7.789500000000001201e+00 2.721296551235516381e+04
8.078000000000001180e+00 3.196130192050197002e+04
8.366500000000000270e+00 3.239778245477068776e+04
8.655000000000001137e+00 2.528864078960225015e+04
8.943500000000000227e+00 2.957503437768377626e+04
9.232000000000001094e+00 3.309077906212685048e+04
9.520500000000001961e+00 4.011497636023620726e+04
9.809000000000001052e+00 2.812178026184458577e+04
1.009750000000000192e+01 2.745157383996545832e+04
1.038600000000000101e+01 2.812347025357657549e+04
1.067450000000000188e+01 2.500384879401812213e+04
1.096300000000000097e+01 4.167080327340231452e+04
1.125150000000000183e+01 3.084692895235183096e+04
1.154000000000000092e+01 3.463998417184216669e+04
1.182850000000000179e+01 3.231457651746039846e+04
1.211700000000000088e+01 3.990876904347215168e+04
1.240550000000000175e+01 3.484358142253209371e+04
1.269400000000000084e+01 2.578280540262777868e+04
1.298250000000000171e+01 3.152457958206382682e+04
1.327100000000000080e+01 2.525560268353013089e+04
1.355950000000000166e+01 3.362837433336937829e+04
1.384800000000000253e+01 2.857783266859626747e+04
1.413650000000000162e+01 4.042598168418494606e+04
1.442500000000000249e+01 3.966930710435245419e+04
1.471350000000000158e+01 4.333819467052936670e+04
1.500200000000000244e+01 5.499430284390840097e+04
1.529050000000000153e+01 3.453365560338288196e+04
1.557900000000000240e+01 4.889138830679971579e+04
1.586750000000000149e+01 4.861259055163150333e+04
1.615600000000000236e+01 5.711632588096934342e+04
1.644450000000000145e+01 5.182807715137676132e+04
1.673300000000000054e+01 6.331075382046332379e+04
1.702150000000000318e+01 5.145876850320279482e+04
1.731000000000000227e+01 4.014364240086790232e+04
1.759850000000000136e+01 4.275768056720298046e+04
1.788700000000000045e+01 4.221148558036878967e+04
1.817550000000000310e+01 3.209304380202756874e+04
1.846400000000000219e+01 3.279733818371831148e+04
1.875250000000000128e+01 3.423721087820748653e+04
1.904100000000000392e+01 2.894056395570766836e+04
1.932950000000000301e+01 3.222372905608467408e+04
1.961800000000000210e+01 2.382931804664525043e+04
1.990650000000000119e+01 2.955605348488524760e+04
2.019500000000000384e+01 2.626682999971906611e+04
2.048350000000000293e+01 3.056409276856573706e+04
2.077200000000000202e+01 2.732674208170324709e+04
2.106050000000000111e+01 2.707445869163609314e+04
2.134900000000000375e+01 2.566301417984399450e+04
2.163750000000000284e+01 2.828509144953806026e+04
2.192600000000000193e+01 2.385992645910420833e+04
2.221450000000000102e+01 2.634389070097723379e+04
2.250300000000000367e+01 2.261419788216397501e+04
2.279150000000000276e+01 2.577222816093274014e+04
2.308000000000000185e+01 2.393061421068993150e+04
2.336850000000000449e+01 2.682635997987509472e+04
2.365700000000000358e+01 4.195189600233500823e+04
2.394550000000000267e+01 3.495500522382561758e+04
2.423400000000000176e+01 2.498525101512912079e+04
2.452250000000000441e+01 3.515266315275257512e+04
2.481100000000000350e+01 3.068914897667373953e+04
2.509950000000000259e+01 2.265274128949435180e+04
2.538800000000000168e+01 2.354019528064811311e+04
2.567650000000000432e+01 2.151459533327624013e+04
2.596500000000000341e+01 2.369100842541142265e+04
2.625350000000000250e+01 2.216063301611286806e+04
2.654200000000000159e+01 2.324943621863439694e+04
2.683050000000000423e+01 2.270776351239699943e+04
2.711900000000000333e+01 2.314529788941562219e+04
2.740750000000000242e+01 2.290523668443321367e+04
2.769600000000000506e+01 2.008772748541226974e+04
2.798450000000000415e+01 2.295665145387274606e+04
2.827300000000000324e+01 2.239272556290186913e+04
2.856150000000000233e+01 2.562234141031949548e+04
2.885000000000000497e+01 2.448393520151224220e+04
2.913850000000000406e+01 2.750500777017522705e+04
2.942700000000000315e+01 2.694700813921274312e+04
2.971550000000000225e+01 2.646042918139914764e+04
3.000400000000000489e+01 2.548852767200737799e+04
3.029250000000000398e+01 2.579783442340895272e+04
3.058100000000000307e+01 2.807466087254896775e+04
3.086950000000000216e+01 2.789823663912851771e+04
3.115800000000000480e+01 2.796411872879368093e+04
3.144650000000000389e+01 3.016497099016355787e+04
3.173500000000000298e+01 2.717609222662611865e+04
3.202350000000000563e+01 2.666211960716577596e+04
3.231200000000000472e+01 2.833713363598965589e+04
3.260050000000000381e+01 2.597908834401422428e+04
3.288900000000000290e+01 3.026064028378355215e+04
3.317750000000000199e+01 2.854998620698090235e+04
3.346600000000000108e+01 2.628211261655304043e+04
3.375450000000000728e+01 2.705208912461040745e+04
3.404300000000000637e+01 2.420795548210786001e+04
3.433150000000000546e+01 2.562728110534523876e+04
3.462000000000000455e+01 2.303750553790043341e+04
3.490850000000000364e+01 2.252573293143822957e+04
3.519700000000000273e+01 2.215228981748566002e+04
3.548550000000000182e+01 2.069869551851358847e+04
3.577400000000000091e+01 1.826085212003496417e+04
3.606250000000000711e+01 2.062868571574324960e+04
3.635100000000000620e+01 1.971020697012164601e+04
3.663950000000000529e+01 2.036115102394327550e+04
3.692800000000000438e+01 1.908300432337425809e+04
3.721650000000000347e+01 1.965976087892516080e+04
3.750500000000000256e+01 2.014169015720556854e+04
3.779350000000000165e+01 1.925829024862495862e+04
3.808200000000000784e+01 1.949566227892787720e+04
3.837050000000000693e+01 1.920106730283668730e+04
3.865900000000000603e+01 1.931962486230540890e+04
3.894750000000000512e+01 2.142040637427393085e+04
3.923600000000000421e+01 2.006310824324388159e+04
3.952450000000000330e+01 1.978432614012655540e+04
3.981300000000000239e+01 1.858473610678029218e+04
4.010150000000000148e+01 1.797200433239238555e+04
4.039000000000000767e+01 1.771083611890535394e+04
4.067850000000000676e+01 1.907874407685278857e+04
4.096700000000000585e+01 1.796349197989199092e+04
4.125550000000000495e+01 1.780344382066463368e+04
4.154400000000000404e+01 1.831667252168534833e+04
4.183250000000000313e+01 1.789132790638084407e+04
4.212100000000000222e+01 1.842175320305732748e+04
4.240950000000000841e+01 1.878385787232473376e+04
4.269800000000000750e+01 1.844778075519038248e+04
4.298650000000000659e+01 1.757429229128591396e+04
4.327500000000000568e+01 1.997423675836594703e+04
4.356350000000000477e+01 1.890390502322788234e+04
4.385200000000000387e+01 1.927458445295283309e+04
4.414050000000000296e+01 2.008367927436108221e+04
4.442900000000000205e+01 1.927887424357964846e+04
4.471750000000000824e+01 2.017131151181634050e+04
4.500600000000000733e+01 2.153608587707190964e+04
4.529450000000000642e+01 2.232504916786483227e+04
4.558300000000000551e+01 2.087886618909354729e+04
4.587150000000000460e+01 2.149055925314951673e+04
4.616000000000000369e+01 2.227595351328984543e+04
4.644850000000000279e+01 2.187205011967569590e+04
4.673700000000000898e+01 2.412289403517550454e+04
4.702550000000000807e+01 2.230915184483292251e+04
4.731400000000000716e+01 2.263136670055669674e+04
4.760250000000000625e+01 2.519184321345909484e+04
4.789100000000000534e+01 2.468951310435605046e+04
4.817950000000000443e+01 3.080876320054004827e+04
4.846800000000000352e+01 2.921401083272606047e+04
4.875650000000000261e+01 3.590810066429150174e+04
4.904500000000000881e+01 4.686635788496289751e+04
4.933350000000000790e+01 8.438072846703008690e+04
4.962200000000000699e+01 2.228281623657452874e+05
4.991050000000000608e+01 1.348887888334665622e+05
5.019900000000000517e+01 4.410307864808168233e+04
5.048750000000000426e+01 3.567711987819437491e+04
5.077600000000000335e+01 3.053118049048565445e+04
5.106450000000000955e+01 3.034616463887600548e+04
5.135300000000000864e+01 2.408046056640366442e+04
5.164150000000000773e+01 2.508808697823886178e+04
5.193000000000000682e+01 2.092031528675640220e+04
5.221850000000000591e+01 2.388735975375095222e+04
5.250700000000000500e+01 2.273445247147143527e+04
5.279550000000000409e+01 1.903564009034123592e+04
5.308400000000000318e+01 1.980297638397671471e+04
5.337250000000000938e+01 1.854761185574208503e+04
5.366100000000000847e+01 1.866666449933864351e+04
5.394950000000000756e+01 1.965792240909906832e+04
5.423800000000000665e+01 1.686311496851760967e+04
5.452650000000000574e+01 1.703470165708831337e+04
5.481500000000000483e+01 1.781204745512195586e+04
5.510350000000000392e+01 1.684834207481887643e+04
5.539200000000001012e+01 1.746846080613210870e+04
5.568050000000000921e+01 1.686619225167638797e+04
5.596900000000000830e+01 1.656257397317424329e+04
5.625750000000000739e+01 1.749252750199753427e+04
5.654600000000000648e+01 1.618919839248285462e+04
5.683450000000000557e+01 1.572826206528254988e+04
5.712300000000000466e+01 1.635933541760065236e+04
5.741150000000000375e+01 1.561058205839801485e+04
5.770000000000000995e+01 1.678227782350906637e+04
5.798850000000000904e+01 1.625055989299336215e+04
5.827700000000000813e+01 1.649436119178833178e+04
5.856550000000000722e+01 1.645864185121839910e+04
5.885400000000000631e+01 1.767090035821165293e+04
5.914250000000000540e+01 1.696185191892138027e+04
5.943100000000000449e+01 1.582490613546435998e+04
5.971950000000000358e+01 1.630396286521122420e+04
6.000800000000000978e+01 1.613992597639569613e+04
6.029650000000000887e+01 1.547241085489866236e+04
6.058500000000000796e+01 1.589185359461942971e+04
6.087350000000000705e+01 1.695182638761165072e+04
6.116200000000000614e+01 1.638872749133938123e+04
6.145050000000000523e+01 1.683335193465682460e+04
6.173900000000000432e+01 1.686568229249702563e+04
6.202750000000001052e+01 1.635031028439569127e+04
6.231600000000000961e+01 1.623412718195016350e+04
6.260450000000000870e+01 1.599224089969158922e+04
6.289300000000000779e+01 1.587682049942091362e+04
6.318150000000000688e+01 1.657539651145130847e+04
6.347000000000000597e+01 1.629013761768169934e+04
6.375850000000000506e+01 1.638823196200299208e+04
6.404700000000001125e+01 1.629982162402854192e+04
6.433550000000001035e+01 1.645016463239609584e+04
6.462400000000000944e+01 1.779156277187485102e+04
6.491250000000000853e+01 1.683359955348385847e+04
6.520100000000000762e+01 1.747972083964833655e+04
6.548950000000000671e+01 1.770054801485057396e+04
6.577800000000000580e+01 1.764869765400444157e+04
6.606650000000000489e+01 1.701822680895990925e+04
6.635500000000000398e+01 1.660755762360521476e+04
6.664350000000000307e+01 1.750470548909261197e+04
6.693200000000000216e+01 1.564781466651615847e+04
6.722050000000000125e+01 1.709568879776443646e+04
6.750900000000001455e+01 1.716990831898650504e+04
6.779750000000001364e+01 1.607231848195543171e+04
6.808600000000001273e+01 1.720079480939988571e+04
6.837450000000001182e+01 1.643520720200157302e+04
6.866300000000001091e+01 1.736682278029431109e+04
6.895150000000001000e+01 1.863046098562444240e+04
6.924000000000000909e+01 1.577128526322364996e+04
6.952850000000000819e+01 1.657061547852532021e+04
6.981700000000000728e+01 1.689724220059857544e+04
7.010550000000000637e+01 1.629379272258354831e+04
7.039400000000000546e+01 1.668972170184487914e+04
7.068250000000000455e+01 1.766694127430666776e+04
7.097100000000000364e+01 1.889321936190683118e+04
7.125950000000000273e+01 1.846977286031144104e+04
7.154800000000000182e+01 1.624716503938477581e+04
7.183650000000001512e+01 1.512375967789181595e+04
7.212500000000001421e+01 1.571989910839497679e+04
7.241350000000001330e+01 1.502921194190178721e+04
7.270200000000001239e+01 1.527633907603916487e+04
7.299050000000001148e+01 1.511783462763857824e+04
7.327900000000001057e+01 1.547887052371915161e+04
7.356750000000000966e+01 1.616398784455782516e+04
7.385600000000000875e+01 1.601463473061274817e+04
7.414450000000000784e+01 1.544937752293698213e+04
7.443300000000000693e+01 1.628594811352059878e+04
7.472150000000000603e+01 1.567427428571015480e+04
7.501000000000000512e+01 1.530616490461953617e+04
7.529850000000000421e+01 1.515948887264182667e+04
7.558700000000000330e+01 1.517528262278130023e+04
7.587550000000000239e+01 1.569036020253889183e+04
7.616400000000001569e+01 1.441731324330220923e+04
7.645250000000001478e+01 1.545476930619788800e+04
7.674100000000001387e+01 1.473629788978944453e+04
7.702950000000001296e+01 1.570118689132462896e+04
7.731800000000001205e+01 1.503579159062088002e+04
7.760650000000001114e+01 1.546021221875905576e+04
7.789500000000001023e+01 1.588866327077567439e+04
7.818350000000000932e+01 1.771382529471610542e+04
7.847200000000000841e+01 1.968828022898592098e+04
7.876050000000000750e+01 1.945437337461052448e+04
7.904900000000000659e+01 1.640182286208481673e+04
7.933750000000000568e+01 2.087363337405541461e+04
7.962600000000000477e+01 2.227717685952825923e+04
7.991450000000000387e+01 1.647150347576502827e+04
8.020300000000000296e+01 2.948396076271359925e+04
8.049150000000001626e+01 2.079358989282373295e+04
8.078000000000001535e+01 1.707880218130198773e+04
8.106850000000001444e+01 1.945750497026347512e+04
8.135700000000001353e+01 1.559469017473101121e+04
8.164550000000001262e+01 1.684359366116083766e+04
8.193400000000001171e+01 1.594016664723667782e+04
8.222250000000001080e+01 1.510202965122062051e+04
8.251100000000000989e+01 1.788761865944135934e+04
8.279950000000000898e+01 1.488891562303749015e+04
8.308800000000000807e+01 1.532360536708542531e+04
8.337650000000000716e+01 1.524176689974987858e+04
8.366500000000000625e+01 1.528730930816345608e+04
8.395350000000000534e+01 1.455672263091067180e+04
8.424200000000000443e+01 1.487361537885417783e+04
8.453050000000000352e+01 1.458707473729039702e+04
8.481900000000001683e+01 1.471891521078367259e+04
8.510750000000001592e+01 1.385356176148824306e+04
8.539600000000001501e+01 1.340320268303954981e+04
8.568450000000001410e+01 1.375756069518923505e+04
8.597300000000001319e+01 1.433486341314089077e+04
8.626150000000001228e+01 1.397076255067571219e+04
8.655000000000001137e+01 1.383439389868477338e+04
8.683850000000001046e+01 1.393983317444145905e+04
8.712700000000000955e+01 1.381228762502853897e+04
8.741550000000000864e+01 1.467923586494942901e+04
8.770400000000000773e+01 1.396231775761393146e+04
8.799250000000000682e+01 1.346343564222362329e+04
8.828100000000000591e+01 1.359848184218173265e+04
8.856950000000000500e+01 1.349999732177376973e+04
8.885800000000000409e+01 1.360860553905601046e+04
8.914650000000001739e+01 1.359984448255069219e+04
8.943500000000001648e+01 1.407613654606167620e+04
8.972350000000001558e+01 1.362800985467591636e+04
9.001200000000001467e+01 1.400646224025300944e+04
9.030050000000001376e+01 1.359372086076920277e+04
9.058900000000001285e+01 1.396557040401225822e+04
9.087750000000001194e+01 1.416564051536853003e+04
9.116600000000001103e+01 1.347183943215100953e+04
9.145450000000001012e+01 1.398090247022181757e+04
9.174300000000000921e+01 1.339149310882497048e+04
9.203150000000000830e+01 1.358541925861111849e+04
9.232000000000000739e+01 1.477198194170810712e+04
9.260850000000000648e+01 1.401983013556220976e+04
9.289700000000000557e+01 1.413873515708056402e+04
9.318550000000000466e+01 1.453782289438936095e+04
9.347400000000001796e+01 1.444218858414747410e+04
9.376250000000001705e+01 1.492384790272240753e+04
9.405100000000001614e+01 1.507853173975817845e+04
9.433950000000001523e+01 1.487943177074921732e+04
9.462800000000001432e+01 1.512984354749935665e+04
9.491650000000001342e+01 1.544097136399606461e+04
9.520500000000001251e+01 1.432155429758964237e+04
9.549350000000001160e+01 1.563380140967407715e+04
9.578200000000001069e+01 1.513396169584333984e+04
9.607050000000000978e+01 1.571165444537137955e+04
9.635900000000000887e+01 1.777481513159202950e+04
9.664750000000000796e+01 1.615633574626215704e+04
9.693600000000000705e+01 1.634294852479360634e+04
9.722450000000000614e+01 2.048591463381709400e+04
9.751300000000000523e+01 1.931254779566280922e+04
9.780150000000001853e+01 2.681631673169108763e+04
9.809000000000001762e+01 2.111074735903942928e+04
9.837850000000001671e+01 3.418401256011338410e+04
9.866700000000001580e+01 4.374358774988468213e+04
9.895550000000001489e+01 6.844693818660399120e+04
9.924400000000001398e+01 8.350918141537392512e+04
9.953250000000001307e+01 1.893479041208586423e+05
9.982100000000001216e+01 3.144468625510781931e+04
1.001095000000000113e+02 3.143648359892442750e+04
1.003980000000000103e+02 3.225634139608207624e+04
1.006865000000000094e+02 2.539683986214441393e+04
1.009750000000000085e+02 1.795971255158185886e+04
1.012635000000000076e+02 2.263836854568276613e+04
1.015520000000000067e+02 1.822690069648118151e+04
1.018405000000000058e+02 2.135511219389496910e+04
1.021290000000000191e+02 1.728698410358990441e+04
1.024175000000000182e+02 1.486854850035616982e+04
1.027060000000000173e+02 1.591067387232104738e+04
1.029945000000000164e+02 1.498386607947286757e+04
1.032830000000000155e+02 1.482592228755273754e+04
1.035715000000000146e+02 1.525248623173818305e+04
1.038600000000000136e+02 1.397464207010582504e+04
1.041485000000000127e+02 1.421757888577611993e+04
1.044370000000000118e+02 1.419589186767207502e+04
1.047255000000000109e+02 1.400586263988105929e+04
1.050140000000000100e+02 1.301838700288723521e+04
1.053025000000000091e+02 1.358552710013595788e+04
1.055910000000000082e+02 1.392030479205221127e+04
1.058795000000000073e+02 1.361616594541116865e+04
1.061680000000000064e+02 1.370627191544274683e+04
1.064565000000000197e+02 1.261052648763759680e+04
1.067450000000000188e+02 1.358389558589721491e+04
1.070335000000000178e+02 1.249544361183925685e+04
1.073220000000000169e+02 1.315191241719331265e+04
1.076105000000000160e+02 1.310564400377640959e+04
1.078990000000000151e+02 1.288229817551394990e+04
1.081875000000000142e+02 1.278258451416323260e+04
1.084760000000000133e+02 1.245002141644442599e+04
1.087645000000000124e+02 1.246070778104845886e+04
1.090530000000000115e+02 1.279223395998865999e+04
1.093415000000000106e+02 1.290231946213675292e+04
1.096300000000000097e+02 1.232416157571431904e+04
1.099185000000000088e+02 1.258153250759816001e+04
1.102070000000000078e+02 1.228951026715232365e+04
1.104955000000000069e+02 1.244845899841073697e+04
1.107840000000000202e+02 1.273562955348216565e+04
1.110725000000000193e+02 1.253957643713095240e+04
1.113610000000000184e+02 1.236699376878246585e+04
1.116495000000000175e+02 1.312791153320202829e+04
1.119380000000000166e+02 1.256932873859311439e+04
1.122265000000000157e+02 1.244025062334164249e+04
1.125150000000000148e+02 1.226316275771884466e+04
1.128035000000000139e+02 1.260802132917811105e+04
1.130920000000000130e+02 1.273157436798717026e+04
1.133805000000000121e+02 1.251484425395451581e+04
1.136690000000000111e+02 1.324629981928058805e+04
1.139575000000000102e+02 1.281018582972111108e+04
1.142460000000000093e+02 1.343359515419289892e+04
1.145345000000000084e+02 1.286569134037041113e+04
1.148230000000000075e+02 1.296055465184929380e+04
1.151115000000000066e+02 1.347147499650583086e+04
1.154000000000000199e+02 1.283381380144807918e+04
1.156885000000000190e+02 1.291669366806068501e+04
1.159770000000000181e+02 1.304717602620820799e+04
1.162655000000000172e+02 1.332702262077071646e+04
1.165540000000000163e+02 1.237434912728261952e+04
1.168425000000000153e+02 1.254367853783905048e+04
1.171310000000000144e+02 1.312353554319603245e+04
1.174195000000000135e+02 1.252855365372700908e+04
1.177080000000000126e+02 1.311754315697958918e+04
1.179965000000000117e+02 1.381296296780341436e+04
1.182850000000000108e+02 1.369072646307286050e+04
1.185735000000000099e+02 1.262717820861000655e+04
1.188620000000000090e+02 1.306915616650942502e+04
1.191505000000000081e+02 1.261218474901175978e+04
1.194390000000000072e+02 1.312008986352148531e+04
1.197275000000000205e+02 1.276432932021560009e+04
1.200160000000000196e+02 1.296330883594450643e+04
1.203045000000000186e+02 1.384843370594242697e+04
1.205930000000000177e+02 1.265865198875693022e+04
1.208815000000000168e+02 1.284414667811324762e+04
1.211700000000000159e+02 1.272044303967686574e+04
1.214585000000000150e+02 1.231529042016733001e+04
1.217470000000000141e+02 1.242795564633719368e+04
1.220355000000000132e+02 1.191359903823339846e+04
1.223240000000000123e+02 1.212897978346827040e+04
1.226125000000000114e+02 1.248380807414481387e+04
1.229010000000000105e+02 1.222193468911440505e+04
1.231895000000000095e+02 1.281921185733657694e+04
1.234780000000000086e+02 1.255622560274886564e+04
1.237665000000000077e+02 1.256420780684606507e+04
1.240550000000000210e+02 1.265357550261568213e+04
1.243435000000000201e+02 1.277610376325289508e+04
1.246320000000000192e+02 1.277367873967731612e+04
1.249205000000000183e+02 1.189333447749590050e+04
1.252090000000000174e+02 1.230513288072783325e+04
1.254975000000000165e+02 1.249987481924918757e+04
1.257860000000000156e+02 1.240998947084548672e+04
1.260745000000000147e+02 1.265620681653135216e+04
1.263630000000000138e+02 1.265924900029639684e+04
1.266515000000000128e+02 1.280604827367858707e+04
1.269400000000000119e+02 1.285648848499462656e+04
1.272285000000000110e+02 1.303430912098115004e+04
1.275170000000000101e+02 1.406295935177964384e+04
1.278055000000000092e+02 1.642883912500400402e+04
1.280940000000000225e+02 1.761986645560361649e+04
1.283825000000000216e+02 1.827790009409378035e+04
1.286710000000000207e+02 1.823400937452938888e+04
1.289595000000000198e+02 1.843896467400919209e+04
1.292480000000000189e+02 2.272650276838690479e+04
1.295365000000000180e+02 2.573516355216415832e+04
1.298250000000000171e+02 3.036016516546443745e+04
1.301135000000000161e+02 1.535098587396853327e+04
1.304020000000000152e+02 1.755549443436026922e+04
1.306905000000000143e+02 2.097119883245520759e+04
1.309790000000000134e+02 1.467096493926107178e+04
1.312675000000000125e+02 1.513540834426307993e+04
1.315560000000000116e+02 1.478180239675944722e+04
1.318445000000000107e+02 1.351080587795661086e+04
1.321330000000000098e+02 1.440854603713817050e+04
1.324215000000000089e+02 1.423533283152856529e+04
1.327100000000000080e+02 1.298078150826568708e+04
1.329985000000000070e+02 1.279315899111172439e+04
1.332870000000000061e+02 1.203065947368112938e+04
1.335755000000000052e+02 1.240166774114619693e+04
1.338640000000000043e+02 1.177961153374416972e+04
1.341525000000000034e+02 1.265173846996334214e+04
1.344410000000000025e+02 1.217780986980530724e+04
1.347295000000000300e+02 1.191259589016659265e+04
1.350180000000000291e+02 1.189261406434346281e+04
1.353065000000000282e+02 1.165903095025215407e+04
1.355950000000000273e+02 1.175849307112335737e+04
1.358835000000000264e+02 1.197237454442025592e+04
1.361720000000000255e+02 1.186568170182468384e+04
1.364605000000000246e+02 1.175946724384451409e+04
1.367490000000000236e+02 1.175642319536945251e+04
1.370375000000000227e+02 1.192543168883188082e+04
1.373260000000000218e+02 1.174891016144203968e+04
1.376145000000000209e+02 1.169757591304847847e+04
1.379030000000000200e+02 1.156165259880415215e+04
1.381915000000000191e+02 1.160606446756133846e+04
1.384800000000000182e+02 1.117978743348567514e+04
1.387685000000000173e+02 1.140461101362732734e+04
1.390570000000000164e+02 1.164183380796778874e+04
1.393455000000000155e+02 1.143364750368722525e+04
1.396340000000000146e+02 1.163187464357848512e+04
1.399225000000000136e+02 1.168628524873839342e+04
1.402110000000000127e+02 1.183814684086741727e+04
1.404995000000000118e+02 1.115691229403820216e+04
1.407880000000000109e+02 1.142779515861563050e+04
1.410765000000000100e+02 1.140529041343583413e+04
1.413650000000000091e+02 1.138892466748372135e+04
1.416535000000000082e+02 1.167846267002883542e+04
1.419420000000000073e+02 1.219911659677707939e+04
1.422305000000000064e+02 1.157197552676204396e+04
1.425190000000000055e+02 1.139091663715173672e+04
1.428075000000000045e+02 1.182725297965712525e+04
1.430960000000000036e+02 1.159005155015260971e+04
1.433845000000000312e+02 1.207273752249060271e+04
1.436730000000000302e+02 1.227059095389664981e+04
1.439615000000000293e+02 1.213521015355423151e+04
1.442500000000000284e+02 1.226623285917501198e+04
1.445385000000000275e+02 1.208274286928360925e+04
1.448270000000000266e+02 1.237626315281315510e+04
1.451155000000000257e+02 1.275983869835626683e+04
1.454040000000000248e+02 1.184863352604740976e+04
1.456925000000000239e+02 1.249171070459770090e+04
1.459810000000000230e+02 1.374094007654970301e+04
1.462695000000000221e+02 1.549523263800247150e+04
1.465580000000000211e+02 1.368512368367828458e+04
1.468465000000000202e+02 1.743329794835680514e+04
1.471350000000000193e+02 1.552477570694391034e+04
1.474235000000000184e+02 1.983694625621443993e+04
1.477120000000000175e+02 1.524593918747949101e+04
1.480005000000000166e+02 2.331469597325122231e+04
1.482890000000000157e+02 2.878730331276544166e+04
1.485775000000000148e+02 2.478876128648422673e+04
1.488660000000000139e+02 4.749070273278744571e+04
1.491545000000000130e+02 1.865522462510510231e+05
1.494430000000000121e+02 4.360460390615616052e+04
1.497315000000000111e+02 2.416279449055404984e+04
1.500200000000000102e+02 2.958670845427223321e+04
1.503085000000000093e+02 2.099990562821065032e+04
1.505970000000000084e+02 1.697774508273720130e+04
1.508855000000000075e+02 1.978568705881119604e+04
1.511740000000000066e+02 1.483114554283797588e+04
1.514625000000000057e+02 1.692824461416698614e+04
1.517510000000000048e+02 1.370512171017591027e+04
1.520395000000000039e+02 1.333388216032966375e+04
1.523280000000000314e+02 1.282921607014134679e+04
1.526165000000000305e+02 1.257684765432557469e+04
1.529050000000000296e+02 1.258224744474462204e+04
1.531935000000000286e+02 1.258477710080202996e+04
1.534820000000000277e+02 1.179060392363644314e+04
1.537705000000000268e+02 1.202406808661499781e+04
1.540590000000000259e+02 1.195660905362223457e+04
1.543475000000000250e+02 1.175772878355441208e+04
1.546360000000000241e+02 1.148228488992607890e+04
1.549245000000000232e+02 1.192698712793400591e+04
1.552130000000000223e+02 1.171282519821907954e+04
1.555015000000000214e+02 1.173761808718768771e+04
1.557900000000000205e+02 1.166873650876471038e+04
1.560785000000000196e+02 1.168529565651912344e+04
1.563670000000000186e+02 1.160793072776601184e+04
1.566555000000000177e+02 1.111985509574725074e+04
1.569440000000000168e+02 1.113879201792037748e+04
1.572325000000000159e+02 1.135534433649905077e+04
1.575210000000000150e+02 1.133489886760981790e+04
1.578095000000000141e+02 1.091030442531517656e+04
1.580980000000000132e+02 1.079070026076166323e+04
1.583865000000000123e+02 1.105871963884709294e+04
1.586750000000000114e+02 1.196851080131146227e+04
1.589635000000000105e+02 1.077438450570381610e+04
1.592520000000000095e+02 1.087655891429758776e+04
1.595405000000000086e+02 1.073735434334769161e+04
1.598290000000000077e+02 1.093684287976751330e+04
1.601175000000000068e+02 1.102181215539916957e+04
1.604060000000000059e+02 1.141831272977873050e+04
1.606945000000000050e+02 1.113257991161634709e+04
1.609830000000000325e+02 1.073609359335616136e+04
1.612715000000000316e+02 1.142264161177159804e+04
1.615600000000000307e+02 1.104144880507926609e+04
1.618485000000000298e+02 1.117422801520451503e+04
1.621370000000000289e+02 1.081770768530745590e+04
1.624255000000000280e+02 1.128556783437375634e+04
1.627140000000000271e+02 1.120600534891736061e+04
1.630025000000000261e+02 1.076802833252061828e+04
1.632910000000000252e+02 1.148963740476118073e+04
1.635795000000000243e+02 1.094772554021322867e+04
1.638680000000000234e+02 1.159409470002859598e+04
1.641565000000000225e+02 1.126090221997116714e+04
1.644450000000000216e+02 1.135545807753679765e+04
1.647335000000000207e+02 1.150798178224014009e+04
1.650220000000000198e+02 1.107172815275172616e+04
1.653105000000000189e+02 1.137347413668208173e+04
1.655990000000000180e+02 1.149373273040975619e+04
1.658875000000000171e+02 1.139449829160546869e+04
1.661760000000000161e+02 1.127221075826075867e+04
1.664645000000000152e+02 1.098862808176492763e+04
1.667530000000000143e+02 1.139119426565479625e+04
1.670415000000000134e+02 1.111162126589534819e+04
1.673300000000000125e+02 1.135833774829945105e+04
1.676185000000000116e+02 1.213025195966679348e+04
1.679070000000000107e+02 1.154305166725681011e+04
1.681955000000000098e+02 1.134886550547536535e+04
1.684840000000000089e+02 1.161947154195704024e+04
1.687725000000000080e+02 1.111618732680656103e+04
1.690610000000000070e+02 1.176958460414872388e+04
1.693495000000000061e+02 1.138812771343489112e+04
1.696380000000000337e+02 1.136568509779707892e+04
1.699265000000000327e+02 1.168791964847700547e+04
1.702150000000000318e+02 1.125134539744121867e+04
1.705035000000000309e+02 1.170860320685169609e+04
1.707920000000000300e+02 1.143258725844326364e+04
1.710805000000000291e+02 1.112994125450300999e+04
1.713690000000000282e+02 1.114652036262940601e+04
1.716575000000000273e+02 1.106263841653565578e+04
1.719460000000000264e+02 1.096233777826261212e+04
1.722345000000000255e+02 1.128636392709571192e+04
1.725230000000000246e+02 1.124632023154698618e+04
1.728115000000000236e+02 1.203751990533937351e+04
1.731000000000000227e+02 1.146701621625769258e+04
1.733885000000000218e+02 1.126659575804510314e+04
1.736770000000000209e+02 1.146820921399032704e+04
1.739655000000000200e+02 1.120374059621668675e+04
1.742540000000000191e+02 1.176493501731648394e+04
1.745425000000000182e+02 1.121382464972231537e+04
1.748310000000000173e+02 1.121378193215342617e+04
1.751195000000000164e+02 1.184400916460413828e+04
1.754080000000000155e+02 1.175003791712637940e+04
1.756965000000000146e+02 1.176693391652532409e+04
1.759850000000000136e+02 1.266101799144030883e+04
1.762735000000000127e+02 1.186815204311512389e+04
1.765620000000000118e+02 1.158467469377964153e+04
1.768505000000000109e+02 1.262038771075985642e+04
1.771390000000000100e+02 1.333817887226589301e+04
1.774275000000000091e+02 1.490535271065230518e+04
1.777160000000000082e+02 1.639329909873457655e+04
1.780045000000000073e+02 1.815420174625785876e+04
1.782930000000000348e+02 2.159355775769288812e+04
1.785815000000000339e+02 1.493339156451713461e+04
1.788700000000000330e+02 2.247762151563363659e+04
1.791585000000000321e+02 3.902947805143398728e+04
1.794470000000000312e+02 1.742267898414146839e+04
1.797355000000000302e+02 3.178356200824309417e+04
1.800240000000000293e+02 2.660298861832165130e+04
1.803125000000000284e+02 2.241230074681516635e+04
1.806010000000000275e+02 1.534064079523810324e+04
1.808895000000000266e+02 1.486796321954239829e+04
1.811780000000000257e+02 1.389588723505939379e+04
1.814665000000000248e+02 1.361803889044884818e+04
1.817550000000000239e+02 1.179530832703006308e+04
1.820435000000000230e+02 1.566058208010553062e+04
1.823320000000000221e+02 1.179443770575803319e+04
1.826205000000000211e+02 1.153622051403468686e+04
1.829090000000000202e+02 1.140138664758434061e+04
1.831975000000000193e+02 1.196478772768073941e+04
1.834860000000000184e+02 1.122120678827113261e+04
1.837745000000000175e+02 1.131320276939605719e+04
1.840630000000000166e+02 1.109653401790036150e+04
1.843515000000000157e+02 1.165216688189631350e+04
1.846400000000000148e+02 1.155837893942088340e+04
1.849285000000000139e+02 1.062670115552133575e+04
1.852170000000000130e+02 1.065751727692080931e+04
1.855055000000000121e+02 1.085155749746953370e+04
1.857940000000000111e+02 1.076837776396164736e+04
1.860825000000000102e+02 1.136923635178799668e+04
1.863710000000000093e+02 1.094630015361964979e+04
1.866595000000000084e+02 1.079205009700691517e+04
1.869480000000000359e+02 1.090098844466774972e+04
1.872365000000000350e+02 1.101868677512183058e+04
1.875250000000000341e+02 1.024460436594247585e+04
1.878135000000000332e+02 1.077125148588935917e+04
1.881020000000000323e+02 1.072336377707119937e+04
1.883905000000000314e+02 1.096677708419802730e+04
1.886790000000000305e+02 1.048950903695167835e+04
1.889675000000000296e+02 1.086137891205787128e+04
1.892560000000000286e+02 1.038136038351945899e+04
1.895445000000000277e+02 1.089892596273548770e+04
1.898330000000000268e+02 1.067143003669106292e+04
1.901215000000000259e+02 1.080594075447184514e+04
1.904100000000000250e+02 1.067561411391790352e+04
1.906985000000000241e+02 1.040765291928424995e+04
1.909870000000000232e+02 1.050580536315314021e+04
1.912755000000000223e+02 1.115989016750480914e+04
1.915640000000000214e+02 1.085895925232647278e+04
1.918525000000000205e+02 1.115153616943931956e+04
1.921410000000000196e+02 1.109177013828831332e+04
1.924295000000000186e+02 1.100116463152105098e+04
1.927180000000000177e+02 1.096344338091065038e+04
1.930065000000000168e+02 1.091367835210118756e+04
1.932950000000000159e+02 1.148526178908614565e+04
1.935835000000000150e+02 1.113079373660253077e+04
1.938720000000000141e+02 1.197803706201735440e+04
1.941605000000000132e+02 1.176800944890952269e+04
1.944490000000000123e+02 1.264877911141559889e+04
1.947375000000000114e+02 1.173679290545508957e+04
1.950260000000000105e+02 1.239070751083863615e+04
1.953145000000000095e+02 1.173908808432657315e+04
1.956030000000000371e+02 1.271630515154680506e+04
1.958915000000000362e+02 1.424712965056976827e+04
1.961800000000000352e+02 1.355661362880076740e+04
1.964685000000000343e+02 1.407195906315969114e+04
1.967570000000000334e+02 1.462754591935574717e+04
1.970455000000000325e+02 1.365710288750689506e+04
1.973340000000000316e+02 1.861511463762298808e+04
1.976225000000000307e+02 1.433976774237560312e+04
1.979110000000000298e+02 2.614229287133687467e+04
1.981995000000000289e+02 3.398992831093354471e+04
1.984880000000000280e+02 7.874373362270160578e+04
1.987765000000000271e+02 1.092317369431141997e+05
1.990650000000000261e+02 8.586755756189113890e+04
1.993535000000000252e+02 2.006462317831433029e+04
1.996420000000000243e+02 2.190245189310146088e+04
1.999305000000000234e+02 2.531064898278420151e+04
2.002190000000000225e+02 1.843163038792892621e+04
2.005075000000000216e+02 1.707167483686015839e+04
2.007960000000000207e+02 1.393915688357196086e+04
2.010845000000000198e+02 1.277785093847784083e+04
2.013730000000000189e+02 1.700923364095054421e+04
2.016615000000000180e+02 1.291046255507911155e+04
2.019500000000000171e+02 1.152225026434306346e+04
2.022385000000000161e+02 1.301526777528895764e+04
2.025270000000000152e+02 1.191358666810329669e+04
2.028155000000000143e+02 1.189839817245939958e+04
2.031040000000000134e+02 1.192909670489775272e+04
2.033925000000000125e+02 1.094616760964038986e+04
2.036810000000000116e+02 1.152241413269566146e+04
2.039695000000000107e+02 1.127293594092186504e+04
2.042580000000000382e+02 1.101958468949356939e+04
2.045465000000000373e+02 1.064433426238414540e+04
2.048350000000000364e+02 1.147280140839026717e+04
2.051235000000000355e+02 1.131626695780393129e+04
2.054120000000000346e+02 1.086055373882947788e+04
2.057005000000000337e+02 1.073919577597519856e+04
2.059890000000000327e+02 1.076420038098290570e+04
2.062775000000000318e+02 1.108452209892109568e+04
2.065660000000000309e+02 1.052520890842757763e+04
2.068545000000000300e+02 1.041384529145310808e+04
2.071430000000000291e+02 1.118245178482913252e+04
2.074315000000000282e+02 1.030206019945487606e+04
2.077200000000000273e+02 1.050586278349651911e+04
2.080085000000000264e+02 1.068288133584533352e+04
2.082970000000000255e+02 1.060513267463763259e+04
2.085855000000000246e+02 1.023488860464414211e+04
2.088740000000000236e+02 1.049810319003515724e+04
2.091625000000000227e+02 1.018340718141688558e+04
2.094510000000000218e+02 1.038962639520679841e+04
2.097395000000000209e+02 1.016997080130653740e+04
2.100280000000000200e+02 1.081075343056807287e+04
2.103165000000000191e+02 1.058742062575877208e+04
2.106050000000000182e+02 1.041000774436970278e+04
2.108935000000000173e+02 1.051280697673000032e+04
2.111820000000000164e+02 1.050412055055457131e+04
2.114705000000000155e+02 1.044738254584568494e+04
2.117590000000000146e+02 1.017757873179956005e+04
2.120475000000000136e+02 1.009384853907040451e+04
2.123360000000000127e+02 1.064585835147791840e+04
2.126245000000000118e+02 1.032349604628797897e+04
2.129130000000000393e+02 1.043477669405006236e+04
2.132015000000000384e+02 1.062318962945520798e+04
2.134900000000000375e+02 1.042284805723639874e+04
2.137785000000000366e+02 1.080988546210555432e+04
2.140670000000000357e+02 1.051974610689880319e+04
2.143555000000000348e+02 1.049461703063299683e+04
2.146440000000000339e+02 1.046025168139735797e+04
2.149325000000000330e+02 1.057229786303147739e+04
2.152210000000000321e+02 1.050129645432787038e+04
2.155095000000000312e+02 1.086654392953411116e+04
2.157980000000000302e+02 1.079614210231573634e+04
2.160865000000000293e+02 1.004815571827553140e+04
2.163750000000000284e+02 1.084363126110722624e+04
2.166635000000000275e+02 1.054018718034575431e+04
2.169520000000000266e+02 1.007691912991433674e+04
2.172405000000000257e+02 1.050752623010786374e+04
2.175290000000000248e+02 1.039291996418154849e+04
2.178175000000000239e+02 1.098500151307937631e+04
2.181060000000000230e+02 1.032976454918214586e+04
2.183945000000000221e+02 1.037597142555828759e+04
2.186830000000000211e+02 1.083196199392121162e+04
2.189715000000000202e+02 1.060652070333339361e+04
2.192600000000000193e+02 1.076311916362255943e+04
2.195485000000000184e+02 1.087736481110707609e+04
2.198370000000000175e+02 1.085000402848785052e+04
2.201255000000000166e+02 1.058577451207915874e+04
2.204140000000000157e+02 1.063675323016733637e+04
2.207025000000000148e+02 1.058427392261807108e+04
2.209910000000000139e+02 1.027143898617136438e+04
2.212795000000000130e+02 1.058665717529208450e+04
2.215680000000000405e+02 1.041318872871023086e+04
2.218565000000000396e+02 1.029801851840035852e+04
2.221450000000000387e+02 1.062074973645060345e+04
2.224335000000000377e+02 1.049658385798483687e+04
2.227220000000000368e+02 1.096989301288006391e+04
2.230105000000000359e+02 1.109811623038350808e+04
2.232990000000000350e+02 1.069769242883385232e+04
2.235875000000000341e+02 1.069601464356992619e+04
2.238760000000000332e+02 1.116675220973923570e+04
2.241645000000000323e+02 1.094933747661860434e+04
2.244530000000000314e+02 1.060791945003227738e+04
2.247415000000000305e+02 1.115389287757647980e+04
2.250300000000000296e+02 1.141562846680711846e+04
2.253185000000000286e+02 1.122755373750197759e+04
2.256070000000000277e+02 1.229480385335674146e+04
2.258955000000000268e+02 1.082286280689077103e+04
2.261840000000000259e+02 1.132482769445303711e+04
2.264725000000000250e+02 1.311992977053813593e+04
2.267610000000000241e+02 1.213800188721621817e+04
2.270495000000000232e+02 1.222735394128070402e+04
2.273380000000000223e+02 1.755555431699818291e+04
2.276265000000000214e+02 1.893874953354868194e+04
2.279150000000000205e+02 2.258469417914618316e+04
2.282035000000000196e+02 1.811746521944750566e+04
2.284920000000000186e+02 2.299992373884775952e+04
2.287805000000000177e+02 4.579940624820015364e+04
2.290690000000000168e+02 3.764100977420138952e+04
2.293575000000000159e+02 5.369957148184513790e+04
2.296460000000000150e+02 2.631933977511081321e+04
2.299345000000000141e+02 1.974995974928774376e+04
2.302230000000000132e+02 1.655081332066761024e+04
2.305115000000000407e+02 1.377262404916668675e+04
2.308000000000000398e+02 1.294849685912016139e+04
2.310885000000000389e+02 1.380841923130119721e+04
2.313770000000000380e+02 1.301814783524589075e+04
2.316655000000000371e+02 1.554529098308912216e+04
2.319540000000000362e+02 1.215543286251761128e+04
2.322425000000000352e+02 1.197418335362633115e+04
2.325310000000000343e+02 1.136175650143955500e+04
2.328195000000000334e+02 1.132625662926547011e+04
2.331080000000000325e+02 1.061732085619908139e+04
2.333965000000000316e+02 1.094688696365020951e+04
2.336850000000000307e+02 1.067856472446458429e+04
2.339735000000000298e+02 1.128373004092786141e+04
2.342620000000000289e+02 1.062073533021089679e+04
2.345505000000000280e+02 1.044189976549704625e+04
2.348390000000000271e+02 1.023188133647228278e+04
2.351275000000000261e+02 1.046411749219946068e+04
2.354160000000000252e+02 1.033347573801143699e+04
2.357045000000000243e+02 1.089643718251556311e+04
2.359930000000000234e+02 1.052128938810958971e+04
2.362815000000000225e+02 1.035942814389952946e+04
2.365700000000000216e+02 1.039964368279013797e+04
2.368585000000000207e+02 1.026608292729116329e+04
2.371470000000000198e+02 9.675977933157171719e+03
2.374355000000000189e+02 1.042480735528186779e+04
2.377240000000000180e+02 1.027315693020370600e+04
2.380125000000000171e+02 1.061974274617152150e+04
2.383010000000000161e+02 1.013419198500505081e+04
2.385895000000000152e+02 1.028378500405786144e+04
2.388780000000000143e+02 1.036871444820029137e+04
2.391665000000000418e+02 1.023720413659748738e+04
2.394550000000000409e+02 1.049991900059429463e+04
2.397435000000000400e+02 1.016222792207807106e+04
2.400320000000000391e+02 1.022969289333554298e+04
2.403205000000000382e+02 1.011056105731219395e+04
2.406090000000000373e+02 1.020683017072745679e+04
2.408975000000000364e+02 1.076260964736564165e+04
2.411860000000000355e+02 1.052407560744470356e+04
2.414745000000000346e+02 1.130865416570128400e+04
2.417630000000000337e+02 1.087713245495579031e+04
2.420515000000000327e+02 1.024420084658381165e+04
2.423400000000000318e+02 1.064256064148127189e+04
2.426285000000000309e+02 1.054291356490171529e+04
2.429170000000000300e+02 1.096649315100665990e+04
2.432055000000000291e+02 1.103642834690389464e+04
2.434940000000000282e+02 1.156880075289393790e+04
2.437825000000000273e+02 1.086894401973397362e+04
2.440710000000000264e+02 1.148175672096590279e+04
2.443595000000000255e+02 1.044437394615310950e+04
2.446480000000000246e+02 1.210117171677439910e+04
2.449365000000000236e+02 1.081656748910408169e+04
2.452250000000000227e+02 1.136369014503921971e+04
2.455135000000000218e+02 1.232666042509692852e+04
2.458020000000000209e+02 1.489193386630626810e+04
2.460905000000000200e+02 1.211388103230526031e+04
2.463790000000000191e+02 1.613053513910861511e+04
2.466675000000000182e+02 1.505337826104033229e+04
2.469560000000000173e+02 2.097428485518325397e+04
2.472445000000000164e+02 1.534779829628327570e+04
2.475330000000000155e+02 3.032742386846644877e+04
2.478215000000000430e+02 3.908854921330008801e+04
2.481100000000000421e+02 5.926032694162247935e+04
2.483985000000000412e+02 3.278146653784249065e+04
2.486870000000000402e+02 1.021522972650115262e+05
2.489755000000000393e+02 2.443182112554542618e+04
2.492640000000000384e+02 2.031980875766370082e+04
2.495525000000000375e+02 2.970208815316963228e+04
2.498410000000000366e+02 1.966549819287033097e+04
2.501295000000000357e+02 1.660938361602362784e+04
2.504180000000000348e+02 1.726540667944138477e+04
2.507065000000000339e+02 1.448187060885798383e+04
2.509950000000000330e+02 1.770305859035379399e+04
2.512835000000000321e+02 1.227684564288253932e+04
2.515720000000000312e+02 1.189522896806583958e+04
2.518605000000000302e+02 1.318400002036523802e+04
2.521490000000000293e+02 1.198333499736969134e+04
2.524375000000000284e+02 1.179942852210928140e+04
2.527260000000000275e+02 1.155211725059057244e+04
2.530145000000000266e+02 1.074777865338271840e+04
2.533030000000000257e+02 1.095125410018608636e+04
2.535915000000000248e+02 1.128217240199202570e+04
2.538800000000000239e+02 1.056122393476186699e+04
2.541685000000000230e+02 1.023917068877473321e+04
2.544570000000000221e+02 1.100444512286907775e+04
2.547455000000000211e+02 1.080986114506163176e+04
2.550340000000000202e+02 1.041039238335329355e+04
2.553225000000000193e+02 1.029125096013904658e+04
2.556110000000000184e+02 1.039543027846340919e+04
2.558995000000000175e+02 1.078188110882471119e+04
2.561880000000000450e+02 1.011373446993781909e+04
2.564765000000000441e+02 1.029872622004363802e+04
2.567650000000000432e+02 1.069592064756000400e+04
2.570535000000000423e+02 1.040130579818677325e+04
2.573420000000000414e+02 1.068890969601220240e+04
2.576305000000000405e+02 1.027760843092371033e+04
2.579190000000000396e+02 1.024846313894345440e+04
2.582075000000000387e+02 1.037764371659373137e+04
2.584960000000000377e+02 1.002884935347800638e+04
2.587845000000000368e+02 1.029197090583964564e+04
2.590730000000000359e+02 9.883748224033031875e+03
2.593615000000000350e+02 1.005465168524341061e+04
2.596500000000000341e+02 1.020969495050638216e+04
2.599385000000000332e+02 1.041029241474905393e+04
2.602270000000000323e+02 1.042374301277235827e+04
2.605155000000000314e+02 9.999071125497919638e+03
2.608040000000000305e+02 1.018608280491613550e+04
2.610925000000000296e+02 1.016519232263204321e+04
2.613810000000000286e+02 1.017862750757158756e+04
2.616695000000000277e+02 9.780968757516024198e+03
2.619580000000000268e+02 1.015912800535398674e+04
2.622465000000000259e+02 1.024685078080969470e+04
2.625350000000000250e+02 1.017658022966192766e+04
2.628235000000000241e+02 1.033920952736546496e+04
2.631120000000000232e+02 1.014839947569516335e+04
2.634005000000000223e+02 1.031628956619134624e+04
2.636890000000000214e+02 1.027326607002680976e+04
2.639775000000000205e+02 1.045594550317220273e+04
2.642660000000000196e+02 9.976500854286714457e+03
2.645545000000000186e+02 1.031139114149008310e+04
2.648430000000000177e+02 1.015155842012483117e+04
2.651315000000000168e+02 1.066091561926703980e+04
2.654200000000000159e+02 1.005752684909741401e+04
2.657085000000000150e+02 9.653030628530346803e+03
2.659970000000000141e+02 1.047103387722316802e+04
2.662855000000000132e+02 1.051156441301043742e+04
2.665740000000000123e+02 1.008019409830437144e+04
2.668625000000000114e+02 9.803675777467833541e+03
2.671510000000000105e+02 1.024470060597820884e+04
2.674395000000000095e+02 1.053391094481442087e+04
2.677280000000000086e+02 9.924383234239923695e+03
2.680165000000000077e+02 1.017252169867408156e+04
2.683050000000000068e+02 1.022675754835012594e+04
2.685935000000000059e+02 1.039941493608729070e+04
2.688820000000000050e+02 1.039587041039751239e+04
2.691705000000000041e+02 1.055932470697318422e+04
2.694590000000000600e+02 1.040218980794534946e+04
2.697475000000000591e+02 1.012812625263314476e+04
2.700360000000000582e+02 1.036514984533444112e+04
2.703245000000000573e+02 1.052800853083966831e+04
2.706130000000000564e+02 1.044085182635582896e+04
2.709015000000000555e+02 1.029305426394196729e+04
2.711900000000000546e+02 9.876539551491334350e+03
2.714785000000000537e+02 1.039473057140559467e+04
2.717670000000000528e+02 1.038499737834622465e+04
2.720555000000000518e+02 1.014600194895198365e+04
2.723440000000000509e+02 1.063163493587302219e+04
2.726325000000000500e+02 1.067178928547983560e+04
2.729210000000000491e+02 1.050998166861466234e+04
2.732095000000000482e+02 1.066574905685499471e+04
2.734980000000000473e+02 1.049130105392823498e+04
2.737865000000000464e+02 1.103721708682756434e+04
2.740750000000000455e+02 1.034258321895090012e+04
2.743635000000000446e+02 1.054550825513117707e+04
2.746520000000000437e+02 1.125154481217199100e+04
2.749405000000000427e+02 1.133471438224316444e+04
2.752290000000000418e+02 1.160870339830469493e+04
2.755175000000000409e+02 1.213507991487430627e+04
2.758060000000000400e+02 1.201097049126469574e+04
2.760945000000000391e+02 1.198353114320481836e+04
2.763830000000000382e+02 1.382893391562966099e+04
2.766715000000000373e+02 1.376042461674311744e+04
2.769600000000000364e+02 1.929806896098890138e+04
2.772485000000000355e+02 1.786207886271906318e+04
2.775370000000000346e+02 2.090612578977058365e+04
2.778255000000000337e+02 2.659968257791625365e+04
2.781140000000000327e+02 2.198824138763062365e+04
2.784025000000000318e+02 3.659554057202291733e+04
2.786910000000000309e+02 8.083031274720857618e+04
2.789795000000000300e+02 4.642988609928711230e+04
2.792680000000000291e+02 1.967521585581621184e+04
2.795565000000000282e+02 2.502832551966841856e+04
2.798450000000000273e+02 2.377673608992923255e+04
2.801335000000000264e+02 1.401427257141543487e+04
2.804220000000000255e+02 1.715484200365467404e+04
2.807105000000000246e+02 1.527475821926783465e+04
2.809990000000000236e+02 1.589396181701055502e+04
2.812875000000000227e+02 1.303529528043623941e+04
2.815760000000000218e+02 1.465104490906365754e+04
2.818645000000000209e+02 1.240029156154459088e+04
2.821530000000000200e+02 1.090544300689672309e+04
2.824415000000000191e+02 1.048400331414832908e+04
2.827300000000000182e+02 1.103839004978390039e+04
2.830185000000000173e+02 1.061332819520253906e+04
2.833070000000000164e+02 1.064856081222940338e+04
2.835955000000000155e+02 1.029157179961324073e+04
2.838840000000000146e+02 1.040596191481564347e+04
2.841725000000000136e+02 1.057306930048882896e+04
2.844610000000000127e+02 1.054624873466540521e+04
2.847495000000000118e+02 1.039532806994507155e+04
2.850380000000000109e+02 1.030442210214133047e+04
2.853265000000000100e+02 1.045441472464322214e+04
2.856150000000000091e+02 1.057015418850529022e+04
2.859035000000000082e+02 1.067572782013220967e+04
2.861920000000000073e+02 1.039951314686230398e+04
2.864805000000000064e+02 1.009606341033382523e+04
2.867690000000000623e+02 9.942362630601624915e+03
2.870575000000000614e+02 1.000097220520514020e+04
2.873460000000000605e+02 1.010845480459592363e+04
2.876345000000000596e+02 1.041085237972872528e+04
2.879230000000000587e+02 1.012460758104229535e+04
2.882115000000000578e+02 1.018842487007516866e+04
2.885000000000000568e+02 9.202395138888889051e+03
