2.885000000000000342e-01 1.664336802958590561e+05
5.770000000000000684e-01 1.153387136254171783e+05
8.655000000000001581e-01 8.440101456651628541e+04
1.154000000000000137e+00 7.659981674859674240e+04
1.442500000000000115e+00 6.015656778658453550e+04
1.731000000000000316e+00 7.966804827797913458e+04
2.019500000000000295e+00 6.116870859604531142e+04
2.308000000000000274e+00 4.172648847481889970e+04
2.596500000000000252e+00 5.446769465782569023e+04
2.885000000000000231e+00 5.207607054223531304e+04
3.173500000000000210e+00 3.757731656907278375e+04
3.462000000000000632e+00 4.824109618474383024e+04
3.750500000000000611e+00 4.187903495611268590e+04
4.039000000000000590e+00 3.646066894945652166e+04
4.327500000000000568e+00 4.021132543450759113e+04
4.616000000000000547e+00 3.369570454871355469e+04
4.904500000000000526e+00 4.024842660937189066e+04
5.193000000000000504e+00 3.355866495838318224e+04
5.481500000000000483e+00 5.029004900507917046e+04
5.770000000000000462e+00 3.973950266651804850e+04
6.058500000000000441e+00 3.749044977547525923e+04
6.347000000000000419e+00 3.034844268459236264e+04
6.635500000000000398e+00 3.646601381770770968e+04
6.924000000000001265e+00 3.543997751091176906e+04
7.212500000000001243e+00 2.858134709659741566e+04
7.501000000000001222e+00 3.131631904836053582e+04
7.789500000000001201e+00 2.997026891178343067e+04
8.078000000000001180e+00 3.539685294655967300e+04
8.366500000000000270e+00 3.506172073804068350e+04
8.655000000000001137e+00 2.898858703603295362e+04
8.943500000000000227e+00 3.282975790476225666e+04
9.232000000000001094e+00 3.429393571467018046e+04
9.520500000000001961e+00 4.275665995402893896e+04
9.809000000000001052e+00 3.162425244750246929e+04
1.009750000000000192e+01 3.115256878717519794e+04
1.038600000000000101e+01 3.221632590945482661e+04
1.067450000000000188e+01 2.983691714209524071e+04
1.096300000000000097e+01 4.620841199874920130e+04
1.125150000000000183e+01 3.158341650247930738e+04
1.154000000000000092e+01 3.615233344195556128e+04
1.182850000000000179e+01 3.591368989895634877e+04
1.211700000000000088e+01 4.001581750877243758e+04
1.240550000000000175e+01 3.939623484440690663e+04
1.269400000000000084e+01 3.060401769155253714e+04
1.298250000000000171e+01 3.451601283583557961e+04
1.327100000000000080e+01 3.075298519302350178e+04
1.355950000000000166e+01 3.678716293427094934e+04
1.384800000000000253e+01 3.264229466988732747e+04
1.413650000000000162e+01 4.279963822056493518e+04
1.442500000000000249e+01 4.379983303205300763e+04
1.471350000000000158e+01 4.418734254740722827e+04
1.500200000000000244e+01 5.447732611383557378e+04
1.529050000000000153e+01 3.890629542811994907e+04
1.557900000000000240e+01 6.424473053014663310e+04
1.586750000000000149e+01 6.071227319776792137e+04
1.615600000000000236e+01 5.710196911110100336e+04
1.644450000000000145e+01 5.561615104893708485e+04
1.673300000000000054e+01 7.197907250898538041e+04
1.702150000000000318e+01 5.161811259229885763e+04
1.731000000000000227e+01 4.616462054004360107e+04
1.759850000000000136e+01 4.396465533438046987e+04
1.788700000000000045e+01 4.248747835281310836e+04
1.817550000000000310e+01 3.408359102604207874e+04
1.846400000000000219e+01 3.448992157228628639e+04
1.875250000000000128e+01 3.658717621858902567e+04
1.904100000000000392e+01 3.177490859734518017e+04
1.932950000000000301e+01 3.256043616484235463e+04
1.961800000000000210e+01 2.831853175220667981e+04
1.990650000000000119e+01 3.136517854520882975e+04
2.019500000000000384e+01 2.769629024939845840e+04
2.048350000000000293e+01 3.104653847461955229e+04
2.077200000000000202e+01 2.939749794927561015e+04
2.106050000000000111e+01 2.785387292416652053e+04
2.134900000000000375e+01 2.970588883200388227e+04
2.163750000000000284e+01 3.189084766792674418e+04
2.192600000000000193e+01 2.724936040252846215e+04
2.221450000000000102e+01 2.858812282632280767e+04
2.250300000000000367e+01 2.650079817079173154e+04
2.279150000000000276e+01 2.872061988756905703e+04
2.308000000000000185e+01 2.819619468374095595e+04
2.336850000000000449e+01 2.884650015369660832e+04
2.365700000000000358e+01 3.852550561324860610e+04
2.394550000000000267e+01 3.578669147657205758e+04
2.423400000000000176e+01 2.605923381451766909e+04
2.452250000000000441e+01 3.003305052720047752e+04
2.481100000000000350e+01 3.215069614804044613e+04
2.509950000000000259e+01 2.359139106173861364e+04
2.538800000000000168e+01 2.670199760981274812e+04
2.567650000000000432e+01 2.585668729087839529e+04
2.596500000000000341e+01 2.732932680709024498e+04
2.625350000000000250e+01 2.738763943901221137e+04
2.654200000000000159e+01 2.799665832213420799e+04
2.683050000000000423e+01 2.639212058987305136e+04
2.711900000000000333e+01 2.654859358725508355e+04
2.740750000000000242e+01 2.747977486477846833e+04
2.769600000000000506e+01 2.566372062144480151e+04
2.798450000000000415e+01 2.715550169689654285e+04
2.827300000000000324e+01 2.690938529285553159e+04
2.856150000000000233e+01 3.012643386311824361e+04
2.885000000000000497e+01 2.737413786832579353e+04
2.913850000000000406e+01 3.044705701762864919e+04
2.942700000000000315e+01 3.009562994983719545e+04
2.971550000000000225e+01 3.142932674355982454e+04
3.000400000000000489e+01 3.002665446428300493e+04
3.029250000000000398e+01 2.909565991926825518e+04
3.058100000000000307e+01 3.259811427515719697e+04
3.086950000000000216e+01 3.309199822936877172e+04
3.115800000000000480e+01 3.373224011876824079e+04
3.144650000000000389e+01 4.194689472698202007e+04
3.173500000000000298e+01 3.641838110270263860e+04
3.202350000000000563e+01 3.412954218182742625e+04
3.231200000000000472e+01 3.564540738870517089e+04
3.260050000000000381e+01 3.426912882903678837e+04
3.288900000000000290e+01 3.714705149772874574e+04
3.317750000000000199e+01 3.530247741354876780e+04
3.346600000000000108e+01 3.231341902769591979e+04
3.375450000000000728e+01 3.536368951767055842e+04
3.404300000000000637e+01 3.074247196442260611e+04
3.433150000000000546e+01 3.293925286068298738e+04
3.462000000000000455e+01 2.846404353119113148e+04
3.490850000000000364e+01 2.822965922607122411e+04
3.519700000000000273e+01 2.727950455396349207e+04
3.548550000000000182e+01 2.547164383072841520e+04
3.577400000000000091e+01 2.464669624588391162e+04
3.606250000000000711e+01 2.633251264459414597e+04
3.635100000000000620e+01 2.638033860511114835e+04
3.663950000000000529e+01 2.721844231739506722e+04
3.692800000000000438e+01 2.565445112551750935e+04
3.721650000000000347e+01 2.565968121225864888e+04
3.750500000000000256e+01 2.494577514123580113e+04
3.779350000000000165e+01 2.456153379445684186e+04
3.808200000000000784e+01 2.497699689215934268e+04
3.837050000000000693e+01 2.380969422471748476e+04
3.865900000000000603e+01 2.467980228529989472e+04
3.894750000000000512e+01 2.764227372281108910e+04
3.923600000000000421e+01 2.399605885561561081e+04
3.952450000000000330e+01 2.471613321967624142e+04
3.981300000000000239e+01 2.329808446964437462e+04
4.010150000000000148e+01 2.356780205868541452e+04
4.039000000000000767e+01 2.265989504853073231e+04
4.067850000000000676e+01 2.310420930825236792e+04
4.096700000000000585e+01 2.200950991062944377e+04
4.125550000000000495e+01 2.327852055269357152e+04
4.154400000000000404e+01 2.530912854422490273e+04
4.183250000000000313e+01 2.251229408346275159e+04
4.212100000000000222e+01 2.508456892793433144e+04
4.240950000000000841e+01 2.443669174153982385e+04
4.269800000000000750e+01 2.333524319810537781e+04
4.298650000000000659e+01 2.313772420771440011e+04
4.327500000000000568e+01 2.487484306547089727e+04
4.356350000000000477e+01 2.396179979427438229e+04
4.385200000000000387e+01 2.400853684172239082e+04
4.414050000000000296e+01 2.469042858063305539e+04
4.442900000000000205e+01 2.328600361555799100e+04
4.471750000000000824e+01 2.490417277739229394e+04
4.500600000000000733e+01 2.573989475352258887e+04
4.529450000000000642e+01 2.972103023213155029e+04
4.558300000000000551e+01 2.747417452099005459e+04
4.587150000000000460e+01 2.626181356810284342e+04
4.616000000000000369e+01 2.877438530766048279e+04
4.644850000000000279e+01 2.591693907301060972e+04
4.673700000000000898e+01 2.730524840818018492e+04
4.702550000000000807e+01 2.736891650564713927e+04
4.731400000000000716e+01 2.963959681659942362e+04
4.760250000000000625e+01 3.036080708058676464e+04
4.789100000000000534e+01 2.802041862840334579e+04
4.817950000000000443e+01 2.981818776093619817e+04
4.846800000000000352e+01 2.762387903261160318e+04
4.875650000000000261e+01 2.803007720272072402e+04
4.904500000000000881e+01 3.050302625104535400e+04
4.933350000000000790e+01 3.827958953424243373e+04
4.962200000000000699e+01 6.669553212063985120e+04
4.991050000000000608e+01 4.851337926396167313e+04
5.019900000000000517e+01 2.892883844785206384e+04
5.048750000000000426e+01 2.773856416572034141e+04
5.077600000000000335e+01 2.531584475300775739e+04
5.106450000000000955e+01 2.708340642875492631e+04
5.135300000000000864e+01 2.446094792443396000e+04
5.164150000000000773e+01 2.614942968306089824e+04
5.193000000000000682e+01 2.312611143685747447e+04
5.221850000000000591e+01 2.600316150710531656e+04
5.250700000000000500e+01 2.524458725254394813e+04
5.279550000000000409e+01 2.293654794014031722e+04
5.308400000000000318e+01 2.340541939562515836e+04
5.337250000000000938e+01 2.235045443604419052e+04
5.366100000000000847e+01 2.284638204807660804e+04
5.394950000000000756e+01 2.353443709137657788e+04
5.423800000000000665e+01 2.159265256944013890e+04
5.452650000000000574e+01 2.190846547445844772e+04
5.481500000000000483e+01 2.372860250459075905e+04
5.510350000000000392e+01 2.096395128286977706e+04
5.539200000000001012e+01 2.180514141441213360e+04
5.568050000000000921e+01 2.235541709202840502e+04
5.596900000000000830e+01 2.189670401716501510e+04
5.625750000000000739e+01 2.242976897247582383e+04
5.654600000000000648e+01 2.090786978236405412e+04
5.683450000000000557e+01 2.094710887925759016e+04
5.712300000000000466e+01 2.155315705303355207e+04
5.741150000000000375e+01 2.067755683439410495e+04
5.770000000000000995e+01 2.153951758587616132e+04
5.798850000000000904e+01 2.081075512935084043e+04
5.827700000000000813e+01 2.183554177019439521e+04
5.856550000000000722e+01 2.165357947120300014e+04
5.885400000000000631e+01 2.296226400090529933e+04
5.914250000000000540e+01 2.275378122659978180e+04
5.943100000000000449e+01 2.158818861770815420e+04
5.971950000000000358e+01 2.229609685637800067e+04
6.000800000000000978e+01 2.247967528138869966e+04
6.029650000000000887e+01 2.101755864651938100e+04
6.058500000000000796e+01 2.136729886852946584e+04
6.087350000000000705e+01 2.338808532152340194e+04
6.116200000000000614e+01 2.185618938166940279e+04
6.145050000000000523e+01 2.398926545745382100e+04
6.173900000000000432e+01 2.213037735105520551e+04
6.202750000000001052e+01 2.092881737997737218e+04
6.231600000000000961e+01 2.231462939259573614e+04
6.260450000000000870e+01 2.206203788045615875e+04
6.289300000000000779e+01 2.240558924390099855e+04
6.318150000000000688e+01 2.342364443997981653e+04
6.347000000000000597e+01 2.261412422442652678e+04
6.375850000000000506e+01 2.214998541017097159e+04
6.404700000000001125e+01 2.250137725312430484e+04
6.433550000000001035e+01 2.246116118052540332e+04
6.462400000000000944e+01 2.329331613634215682e+04
6.491250000000000853e+01 2.313099767678886201e+04
6.520100000000000762e+01 2.292585635059624110e+04
6.548950000000000671e+01 2.366585763086448787e+04
6.577800000000000580e+01 2.262031601228006184e+04
6.606650000000000489e+01 2.120489104882420725e+04
6.635500000000000398e+01 2.113386665509821978e+04
6.664350000000000307e+01 2.116089727642694561e+04
6.693200000000000216e+01 2.155506531958303094e+04
6.722050000000000125e+01 2.100261772313212350e+04
6.750900000000001455e+01 2.270780676354102980e+04
6.779750000000001364e+01 2.110601617831052863e+04
6.808600000000001273e+01 2.105763906684570975e+04
6.837450000000001182e+01 2.165162673178667683e+04
6.866300000000001091e+01 2.018974453323876878e+04
6.895150000000001000e+01 2.010928190815765993e+04
6.924000000000000909e+01 1.987890188586079603e+04
6.952850000000000819e+01 2.010970120988404597e+04
6.981700000000000728e+01 1.990452193733871536e+04
7.010550000000000637e+01 2.150223302395685459e+04
7.039400000000000546e+01 2.007775468654634096e+04
7.068250000000000455e+01 1.969757488320091943e+04
7.097100000000000364e+01 2.060267739090928444e+04
7.125950000000000273e+01 2.125923962491219936e+04
7.154800000000000182e+01 1.970052839615166886e+04
7.183650000000001512e+01 1.936758473210173906e+04
7.212500000000001421e+01 1.990690080093464348e+04
7.241350000000001330e+01 1.972409620080929744e+04
7.270200000000001239e+01 1.946836387568683494e+04
7.299050000000001148e+01 1.927272953818610404e+04
7.327900000000001057e+01 1.906136126578881522e+04
7.356750000000000966e+01 2.003617242443517534e+04
7.385600000000000875e+01 1.989042399792131619e+04
7.414450000000000784e+01 1.835271409029031565e+04
7.443300000000000693e+01 1.943457037891712025e+04
7.472150000000000603e+01 1.977905582192460133e+04
7.501000000000000512e+01 1.920573168313007773e+04
7.529850000000000421e+01 1.921946002224876429e+04
7.558700000000000330e+01 1.880132017791520775e+04
7.587550000000000239e+01 1.892115075281821555e+04
7.616400000000001569e+01 1.849729295155276850e+04
7.645250000000001478e+01 2.041531069947781361e+04
7.674100000000001387e+01 1.856749287938070120e+04
7.702950000000001296e+01 2.035834279193059047e+04
7.731800000000001205e+01 1.967772344465497372e+04
7.760650000000001114e+01 1.919037970359204701e+04
7.789500000000001023e+01 1.779692148310669654e+04
7.818350000000000932e+01 1.940498818120502256e+04
7.847200000000000841e+01 1.979832734045481993e+04
7.876050000000000750e+01 1.941116145479493935e+04
7.904900000000000659e+01 1.932929209747874120e+04
7.933750000000000568e+01 2.007887241367059687e+04
7.962600000000000477e+01 1.959763307265421463e+04
7.991450000000000387e+01 1.991649365758246131e+04
8.020300000000000296e+01 1.897518157246673945e+04
8.049150000000001626e+01 1.941025798984016728e+04
8.078000000000001535e+01 2.029737029529023494e+04
8.106850000000001444e+01 2.048579602396984410e+04
8.135700000000001353e+01 1.912656488855314819e+04
8.164550000000001262e+01 2.001170557747403291e+04
8.193400000000001171e+01 1.833257858304365072e+04
8.222250000000001080e+01 1.934844651497463565e+04
8.251100000000000989e+01 1.945249725472971477e+04
8.279950000000000898e+01 1.793562894322603461e+04
8.308800000000000807e+01 1.881239087449763974e+04
8.337650000000000716e+01 1.830871000846577954e+04
8.366500000000000625e+01 1.987311902712263327e+04
8.395350000000000534e+01 1.869515877135066330e+04
8.424200000000000443e+01 1.822476812339721437e+04
8.453050000000000352e+01 1.859568499204439649e+04
8.481900000000001683e+01 1.820660568726434576e+04
8.510750000000001592e+01 1.789573292495614442e+04
8.539600000000001501e+01 1.701372670161151837e+04
8.568450000000001410e+01 1.783224594431306105e+04
8.597300000000001319e+01 1.815225378344603814e+04
8.626150000000001228e+01 1.839325421421505598e+04
8.655000000000001137e+01 1.753879628562464859e+04
8.683850000000001046e+01 1.840707377528588768e+04
8.712700000000000955e+01 1.776251795743964249e+04
8.741550000000000864e+01 1.851214554151788616e+04
8.770400000000000773e+01 1.703818709554686211e+04
8.799250000000000682e+01 1.772484192700260974e+04
8.828100000000000591e+01 1.688105610433883339e+04
8.856950000000000500e+01 1.751862652824138422e+04
8.885800000000000409e+01 1.657849612443202568e+04
8.914650000000001739e+01 1.728036134906596999e+04
8.943500000000001648e+01 1.750862949566153111e+04
8.972350000000001558e+01 1.761348345120179147e+04
9.001200000000001467e+01 1.785251366942102686e+04
9.030050000000001376e+01 1.751307100912863461e+04
9.058900000000001285e+01 1.709741000069754227e+04
9.087750000000001194e+01 1.808106245644677256e+04
9.116600000000001103e+01 1.671914635319860463e+04
9.145450000000001012e+01 1.748865493013055675e+04
9.174300000000000921e+01 1.634769879900978412e+04
9.203150000000000830e+01 1.743453096425068725e+04
9.232000000000000739e+01 1.828735004657500758e+04
9.260850000000000648e+01 1.715981899663337390e+04
9.289700000000000557e+01 1.732361983134059847e+04
9.318550000000000466e+01 1.742159418134575390e+04
9.347400000000001796e+01 1.768338484360470466e+04
9.376250000000001705e+01 1.669031051623991880e+04
9.405100000000001614e+01 1.836440253974789448e+04
9.433950000000001523e+01 1.649701726043925737e+04
9.462800000000001432e+01 1.816297267542285772e+04
9.491650000000001342e+01 1.801598574008920696e+04
9.520500000000001251e+01 1.694461167672297961e+04
9.549350000000001160e+01 1.694098099431479568e+04
9.578200000000001069e+01 1.681271635523462464e+04
9.607050000000000978e+01 1.676854814451629500e+04
9.635900000000000887e+01 1.801167596745837363e+04
9.664750000000000796e+01 1.760090532759801499e+04
9.693600000000000705e+01 1.754295336725951711e+04
9.722450000000000614e+01 1.842167950271106383e+04
9.751300000000000523e+01 1.802967034405817685e+04
9.780150000000001853e+01 1.868356386548302180e+04
9.809000000000001762e+01 1.711064758706238717e+04
9.837850000000001671e+01 1.926725326554844287e+04
9.866700000000001580e+01 1.998147253044438912e+04
9.895550000000001489e+01 2.405651337718191280e+04
9.924400000000001398e+01 2.446291582933786049e+04
9.953250000000001307e+01 4.389579758320928522e+04
9.982100000000001216e+01 1.951837747856819260e+04
1.001095000000000113e+02 1.880653789032044369e+04
1.003980000000000103e+02 1.799579407819614062e+04
1.006865000000000094e+02 1.747767737574944840e+04
1.009750000000000085e+02 1.689497410081334965e+04
1.012635000000000076e+02 1.782106455226400431e+04
1.015520000000000067e+02 1.649063397213951248e+04
1.018405000000000058e+02 1.800340870272077154e+04
1.021290000000000191e+02 1.638869953594992330e+04
1.024175000000000182e+02 1.602539739199829637e+04
1.027060000000000173e+02 1.643196075529589871e+04
1.029945000000000164e+02 1.577855238061055206e+04
1.032830000000000155e+02 1.621433766260789344e+04
1.035715000000000146e+02 1.633155948336312031e+04
1.038600000000000136e+02 1.607632271055269848e+04
1.041485000000000127e+02 1.600939796213608679e+04
1.044370000000000118e+02 1.582283753821177197e+04
1.047255000000000109e+02 1.626655700371777311e+04
1.050140000000000100e+02 1.528609705587694953e+04
1.053025000000000091e+02 1.619474599692145603e+04
1.055910000000000082e+02 1.610352484326977901e+04
1.058795000000000073e+02 1.577021159737261769e+04
1.061680000000000064e+02 1.649194560661537253e+04
1.064565000000000197e+02 1.538608124278128344e+04
1.067450000000000188e+02 1.580362990246328445e+04
1.070335000000000178e+02 1.507427590836179843e+04
1.073220000000000169e+02 1.663018334293105727e+04
1.076105000000000160e+02 1.538200376558115022e+04
1.078990000000000151e+02 1.536452499404185619e+04
1.081875000000000142e+02 1.575142839983668273e+04
1.084760000000000133e+02 1.532178630472929763e+04
1.087645000000000124e+02 1.464025506411415518e+04
1.090530000000000115e+02 1.573605199578481552e+04
1.093415000000000106e+02 1.612864314891718277e+04
1.096300000000000097e+02 1.465684401221951885e+04
1.099185000000000088e+02 1.569940234773115844e+04
1.102070000000000078e+02 1.477669273295095809e+04
1.104955000000000069e+02 1.529726551170849598e+04
1.107840000000000202e+02 1.506665128392411498e+04
1.110725000000000193e+02 1.430161532099037686e+04
1.113610000000000184e+02 1.522661813602120674e+04
1.116495000000000175e+02 1.581594797731701328e+04
1.119380000000000166e+02 1.536629691294402619e+04
1.122265000000000157e+02 1.549797519428240594e+04
1.125150000000000148e+02 1.524121064443379146e+04
1.128035000000000139e+02 1.514707608575370068e+04
1.130920000000000130e+02 1.592508712368580564e+04
1.133805000000000121e+02 1.572437403411832565e+04
1.136690000000000111e+02 1.543029773439346536e+04
1.139575000000000102e+02 1.491626945812290614e+04
1.142460000000000093e+02 1.550690454608310392e+04
1.145345000000000084e+02 1.492509105009171617e+04
1.148230000000000075e+02 1.574043534061053469e+04
1.151115000000000066e+02 1.624478450935488036e+04
1.154000000000000199e+02 1.542405843840650596e+04
1.156885000000000190e+02 1.472211471626553430e+04
1.159770000000000181e+02 1.521365175161057959e+04
1.162655000000000172e+02 1.540950805920893981e+04
1.165540000000000163e+02 1.511173055292282515e+04
1.168425000000000153e+02 1.480749074525446122e+04
1.171310000000000144e+02 1.499575129539940099e+04
1.174195000000000135e+02 1.485353677533049449e+04
1.177080000000000126e+02 1.474412727775480016e+04
1.179965000000000117e+02 1.463727272681556315e+04
1.182850000000000108e+02 1.472236786673026654e+04
1.185735000000000099e+02 1.409711038808073135e+04
1.188620000000000090e+02 1.423273507748987686e+04
1.191505000000000081e+02 1.436154998458133741e+04
1.194390000000000072e+02 1.434826685401366922e+04
1.197275000000000205e+02 1.441057140701637400e+04
1.200160000000000196e+02 1.481582124370021120e+04
1.203045000000000186e+02 1.529459068942320664e+04
1.205930000000000177e+02 1.442981980323430435e+04
1.208815000000000168e+02 1.461055801173061627e+04
1.211700000000000159e+02 1.405337129927447495e+04
1.214585000000000150e+02 1.485629743525397862e+04
1.217470000000000141e+02 1.458467817086137984e+04
1.220355000000000132e+02 1.401412540851914855e+04
1.223240000000000123e+02 1.430248436100333493e+04
1.226125000000000114e+02 1.425500061368722163e+04
1.229010000000000105e+02 1.403036353745141241e+04
1.231895000000000095e+02 1.394993204960597359e+04
1.234780000000000086e+02 1.413552309470148612e+04
1.237665000000000077e+02 1.432515993562192125e+04
1.240550000000000210e+02 1.381768589898201753e+04
1.243435000000000201e+02 1.440118934891319441e+04
1.246320000000000192e+02 1.392732086209285626e+04
1.249205000000000183e+02 1.362616667373718155e+04
1.252090000000000174e+02 1.424897413997474541e+04
1.254975000000000165e+02 1.338296377722663783e+04
1.257860000000000156e+02 1.425944069022458098e+04
1.260745000000000147e+02 1.403623968373531170e+04
1.263630000000000138e+02 1.350196341316546386e+04
1.266515000000000128e+02 1.361034974580965172e+04
1.269400000000000119e+02 1.378938165198413299e+04
1.272285000000000110e+02 1.411417996155673791e+04
1.275170000000000101e+02 1.339306937734086205e+04
1.278055000000000092e+02 1.383048165535527733e+04
1.280940000000000225e+02 1.461561550790161709e+04
1.283825000000000216e+02 1.424024456362836281e+04
1.286710000000000207e+02 1.457011376922729141e+04
1.289595000000000198e+02 1.438312452797828882e+04
1.292480000000000189e+02 1.411241251689731325e+04
1.295365000000000180e+02 1.340083661011114600e+04
1.298250000000000171e+02 1.440047444358435860e+04
1.301135000000000161e+02 1.404706348911508394e+04
1.304020000000000152e+02 1.378633716513395848e+04
1.306905000000000143e+02 1.381000164748118004e+04
1.309790000000000134e+02 1.408573960625918517e+04
1.312675000000000125e+02 1.404509058638194801e+04
1.315560000000000116e+02 1.410445409499819289e+04
1.318445000000000107e+02 1.297054119331713446e+04
1.321330000000000098e+02 1.389546638462695228e+04
1.324215000000000089e+02 1.379554084084462920e+04
1.327100000000000080e+02 1.332599122766496657e+04
1.329985000000000070e+02 1.431150828439464749e+04
1.332870000000000061e+02 1.366987817535470458e+04
1.335755000000000052e+02 1.450106092872408772e+04
1.338640000000000043e+02 1.340492518268463209e+04
1.341525000000000034e+02 1.477898724713047341e+04
1.344410000000000025e+02 1.352718732982341317e+04
1.347295000000000300e+02 1.360150798583167489e+04
1.350180000000000291e+02 1.314572947338551967e+04
1.353065000000000282e+02 1.337045708990513413e+04
1.355950000000000273e+02 1.303216244406228543e+04
1.358835000000000264e+02 1.359935392372307433e+04
1.361720000000000255e+02 1.344869873668542095e+04
1.364605000000000246e+02 1.341476167074782461e+04
1.367490000000000236e+02 1.323985379520590868e+04
1.370375000000000227e+02 1.404434818141185679e+04
1.373260000000000218e+02 1.391984187150567413e+04
1.376145000000000209e+02 1.361321393578422976e+04
1.379030000000000200e+02 1.307011184067241447e+04
1.381915000000000191e+02 1.320717494787639407e+04
1.384800000000000182e+02 1.287354738399216330e+04
1.387685000000000173e+02 1.330820800720460829e+04
1.390570000000000164e+02 1.304339583498419961e+04
1.393455000000000155e+02 1.271884551355619442e+04
1.396340000000000146e+02 1.285282062480482637e+04
1.399225000000000136e+02 1.245336317612785388e+04
1.402110000000000127e+02 1.302627934477721465e+04
1.404995000000000118e+02 1.239987570234827035e+04
1.407880000000000109e+02 1.302702797368320716e+04
1.410765000000000100e+02 1.267678502262596339e+04
1.413650000000000091e+02 1.307726181481039202e+04
1.416535000000000082e+02 1.270174678758099617e+04
1.419420000000000073e+02 1.325191720578710920e+04
1.422305000000000064e+02 1.226898522371959734e+04
1.425190000000000055e+02 1.300217813676242804e+04
1.428075000000000045e+02 1.331788414238697442e+04
1.430960000000000036e+02 1.290261075186402559e+04
1.433845000000000312e+02 1.366139673626451986e+04
1.436730000000000302e+02 1.334229063324072376e+04
1.439615000000000293e+02 1.305359780750293976e+04
1.442500000000000284e+02 1.307464002789926235e+04
1.445385000000000275e+02 1.300134634990242193e+04
1.448270000000000266e+02 1.318466169555936176e+04
1.451155000000000257e+02 1.250115540847199736e+04
1.454040000000000248e+02 1.198001639190569767e+04
1.456925000000000239e+02 1.299775771666768014e+04
1.459810000000000230e+02 1.260393456498283558e+04
1.462695000000000221e+02 1.343857048418324484e+04
1.465580000000000211e+02 1.295183376981717811e+04
1.468465000000000202e+02 1.295995854282880828e+04
1.471350000000000193e+02 1.277404223948590516e+04
1.474235000000000184e+02 1.397262887112292992e+04
1.477120000000000175e+02 1.328119153292042211e+04
1.480005000000000166e+02 1.418786250096001095e+04
1.482890000000000157e+02 1.358230726004836288e+04
1.485775000000000148e+02 1.346639368109308634e+04
1.488660000000000139e+02 1.779024289214863165e+04
1.491545000000000130e+02 3.255105081509098454e+04
1.494430000000000121e+02 1.543920175999734056e+04
1.497315000000000111e+02 1.427745304912285064e+04
1.500200000000000102e+02 1.424481322236465530e+04
1.503085000000000093e+02 1.430184695804374496e+04
1.505970000000000084e+02 1.321523175764167900e+04
1.508855000000000075e+02 1.350744133546128796e+04
1.511740000000000066e+02 1.302567877375729040e+04
1.514625000000000057e+02 1.280285639080973669e+04
1.517510000000000048e+02 1.263769170684391793e+04
1.520395000000000039e+02 1.295299746100602897e+04
1.523280000000000314e+02 1.245766702689942031e+04
1.526165000000000305e+02 1.252245482149575946e+04
1.529050000000000296e+02 1.251025589233646133e+04
1.531935000000000286e+02 1.301836332759098514e+04
1.534820000000000277e+02 1.162752449635438279e+04
1.537705000000000268e+02 1.277638625623212283e+04
1.540590000000000259e+02 1.236651234007606217e+04
1.543475000000000250e+02 1.204690117051866218e+04
1.546360000000000241e+02 1.277804635573206360e+04
1.549245000000000232e+02 1.254852980715023114e+04
1.552130000000000223e+02 1.194474440063060683e+04
1.555015000000000214e+02 1.192548987707303968e+04
1.557900000000000205e+02 1.273880540032541467e+04
1.560785000000000196e+02 1.212867354451118445e+04
1.563670000000000186e+02 1.230213762536426293e+04
1.566555000000000177e+02 1.187356295792831588e+04
1.569440000000000168e+02 1.162189305115436036e+04
1.572325000000000159e+02 1.230210639118991821e+04
1.575210000000000150e+02 1.192326442527501058e+04
1.578095000000000141e+02 1.204279266701695997e+04
1.580980000000000132e+02 1.191366336613107887e+04
1.583865000000000123e+02 1.203507795917969088e+04
1.586750000000000114e+02 1.219793801868395713e+04
1.589635000000000105e+02 1.193415401446292526e+04
1.592520000000000095e+02 1.198655057253061022e+04
1.595405000000000086e+02 1.188654679620478419e+04
1.598290000000000077e+02 1.179920570180126742e+04
1.601175000000000068e+02 1.206072538566866206e+04
1.604060000000000059e+02 1.193010892883704946e+04
1.606945000000000050e+02 1.200737118196194569e+04
1.609830000000000325e+02 1.185795597496602750e+04
1.612715000000000316e+02 1.200928282937074073e+04
1.615600000000000307e+02 1.168199171207766085e+04
1.618485000000000298e+02 1.192360701380721002e+04
1.621370000000000289e+02 1.208039765608945891e+04
1.624255000000000280e+02 1.252495940042147959e+04
1.627140000000000271e+02 1.138931157862524742e+04
1.630025000000000261e+02 1.217454824663209365e+04
1.632910000000000252e+02 1.191387200818549354e+04
1.635795000000000243e+02 1.165077593701678234e+04
1.638680000000000234e+02 1.220314311033249396e+04
1.641565000000000225e+02 1.190230771613843899e+04
1.644450000000000216e+02 1.254281850558569386e+04
1.647335000000000207e+02 1.219901394390758469e+04
1.650220000000000198e+02 1.198124432512170279e+04
1.653105000000000189e+02 1.231372830456402698e+04
1.655990000000000180e+02 1.215586434782713332e+04
1.658875000000000171e+02 1.223973789940878123e+04
1.661760000000000161e+02 1.202179280808730618e+04
1.664645000000000152e+02 1.169854727180933878e+04
1.667530000000000143e+02 1.187608143480230501e+04
1.670415000000000134e+02 1.147253169408715439e+04
1.673300000000000125e+02 1.162709367014746203e+04
1.676185000000000116e+02 1.192784931031892847e+04
1.679070000000000107e+02 1.152018802205066822e+04
1.681955000000000098e+02 1.159331535333663851e+04
1.684840000000000089e+02 1.161142572480491071e+04
1.687725000000000080e+02 1.175173620712862612e+04
1.690610000000000070e+02 1.192164950400478483e+04
1.693495000000000061e+02 1.102561568127597093e+04
1.696380000000000337e+02 1.129888357710781747e+04
1.699265000000000327e+02 1.221344075746214185e+04
1.702150000000000318e+02 1.157206693627798086e+04
1.705035000000000309e+02 1.132986029479887657e+04
1.707920000000000300e+02 1.179708789924905795e+04
1.710805000000000291e+02 1.113155508904719682e+04
1.713690000000000282e+02 1.117859510292078812e+04
1.716575000000000273e+02 1.186380055197842921e+04
1.719460000000000264e+02 1.085527042774232723e+04
1.722345000000000255e+02 1.151816516335421875e+04
1.725230000000000246e+02 1.152538066351812813e+04
1.728115000000000236e+02 1.201085532335864809e+04
1.731000000000000227e+02 1.188709606335206627e+04
1.733885000000000218e+02 1.152221676980747179e+04
1.736770000000000209e+02 1.188482710162912190e+04
1.739655000000000200e+02 1.110340689144479074e+04
1.742540000000000191e+02 1.129081668599269688e+04
1.745425000000000182e+02 1.162188467917590970e+04
1.748310000000000173e+02 1.095711857840632729e+04
1.751195000000000164e+02 1.175856731062417384e+04
1.754080000000000155e+02 1.123718801489696853e+04
1.756965000000000146e+02 1.124355194769189984e+04
1.759850000000000136e+02 1.137395683492950957e+04
1.762735000000000127e+02 1.097893451186037237e+04
1.765620000000000118e+02 1.108636579839310980e+04
1.768505000000000109e+02 1.107007921035478830e+04
1.771390000000000100e+02 1.092968496020587372e+04
1.774275000000000091e+02 1.122383669099504914e+04
1.777160000000000082e+02 1.177636127114802366e+04
1.780045000000000073e+02 1.158130471659030809e+04
1.782930000000000348e+02 1.156695697887260212e+04
1.785815000000000339e+02 1.183938504358042701e+04
1.788700000000000330e+02 1.168192801739005517e+04
1.791585000000000321e+02 1.226320474757246666e+04
1.794470000000000312e+02 1.176451429586365339e+04
1.797355000000000302e+02 1.181337441274565754e+04
1.800240000000000293e+02 1.156291332048209733e+04
1.803125000000000284e+02 1.196797019877847561e+04
1.806010000000000275e+02 1.149261602419042356e+04
1.808895000000000266e+02 1.181982192364891671e+04
1.811780000000000257e+02 1.193642712746112011e+04
1.814665000000000248e+02 1.104508383077920553e+04
1.817550000000000239e+02 1.126595162158741550e+04
1.820435000000000230e+02 1.140471920743686496e+04
1.823320000000000221e+02 1.149002649831221970e+04
1.826205000000000211e+02 1.097340794002453549e+04
1.829090000000000202e+02 1.159827896715072893e+04
1.831975000000000193e+02 1.118022047579803075e+04
1.834860000000000184e+02 1.172718298317384324e+04
1.837745000000000175e+02 1.094560600056047588e+04
1.840630000000000166e+02 1.103224254296460276e+04
1.843515000000000157e+02 1.100480546214623428e+04
1.846400000000000148e+02 1.137073954228669754e+04
1.849285000000000139e+02 1.119562755159002700e+04
1.852170000000000130e+02 1.079575655250943419e+04
1.855055000000000121e+02 1.095889102671546061e+04
1.857940000000000111e+02 1.135323294868822995e+04
1.860825000000000102e+02 1.089257695709201653e+04
1.863710000000000093e+02 1.103133882037179683e+04
1.866595000000000084e+02 1.065431464221920760e+04
1.869480000000000359e+02 1.112989442164429965e+04
1.872365000000000350e+02 1.105887493937667568e+04
1.875250000000000341e+02 1.053316338998471110e+04
1.878135000000000332e+02 1.058513209906333213e+04
1.881020000000000323e+02 1.109620761931757261e+04
1.883905000000000314e+02 1.050300148948306014e+04
1.886790000000000305e+02 1.128875039748929157e+04
1.889675000000000296e+02 1.029497700114127838e+04
1.892560000000000286e+02 1.061981638944860242e+04
1.895445000000000277e+02 1.126011393009163112e+04
1.898330000000000268e+02 1.106220171261059841e+04
1.901215000000000259e+02 1.071184936340008062e+04
1.904100000000000250e+02 1.096315298971613447e+04
1.906985000000000241e+02 1.068152847927963921e+04
1.909870000000000232e+02 1.080540786148346342e+04
1.912755000000000223e+02 1.087687241266404089e+04
1.915640000000000214e+02 1.057302632485714093e+04
1.918525000000000205e+02 1.066517570182233794e+04
1.921410000000000196e+02 1.081952395162232278e+04
1.924295000000000186e+02 1.110640177833437883e+04
1.927180000000000177e+02 1.088454111128933982e+04
1.930065000000000168e+02 1.086344293822469990e+04
1.932950000000000159e+02 1.092515109401687369e+04
1.935835000000000150e+02 1.055249763884722961e+04
1.938720000000000141e+02 1.050883933341054944e+04
1.941605000000000132e+02 1.100197650746191721e+04
1.944490000000000123e+02 1.107728510994997123e+04
1.947375000000000114e+02 1.111715448629006460e+04
1.950260000000000105e+02 1.096065308746484698e+04
1.953145000000000095e+02 1.054739840686680145e+04
1.956030000000000371e+02 1.030704474378253690e+04
1.958915000000000362e+02 1.095915207974945406e+04
1.961800000000000352e+02 1.096118039638690971e+04
1.964685000000000343e+02 1.142553787984792143e+04
1.967570000000000334e+02 1.077282357763978871e+04
1.970455000000000325e+02 1.144737851793707341e+04
1.973340000000000316e+02 1.201883766841261786e+04
1.976225000000000307e+02 1.127288655046380154e+04
1.979110000000000298e+02 1.280642551537775034e+04
1.981995000000000289e+02 1.300081948170443502e+04
1.984880000000000280e+02 1.825223367808830517e+04
1.987765000000000271e+02 1.974809226485544423e+04
1.990650000000000261e+02 1.949352405140815608e+04
1.993535000000000252e+02 1.123101524590569898e+04
1.996420000000000243e+02 1.232351835819576627e+04
1.999305000000000234e+02 1.227220994205059651e+04
2.002190000000000225e+02 1.136952496442020129e+04
2.005075000000000216e+02 1.184135099933072524e+04
2.007960000000000207e+02 1.078468952938904295e+04
2.010845000000000198e+02 1.018330824563700116e+04
2.013730000000000189e+02 1.153552577436193860e+04
2.016615000000000180e+02 1.076610283696555962e+04
2.019500000000000171e+02 1.029615980834205220e+04
2.022385000000000161e+02 1.041294845373608769e+04
2.025270000000000152e+02 1.018952011534900339e+04
2.028155000000000143e+02 1.076713351977121965e+04
2.031040000000000134e+02 1.023461166861442143e+04
2.033925000000000125e+02 9.903799781171901486e+03
2.036810000000000116e+02 1.059584287866845443e+04
2.039695000000000107e+02 1.029003880944022239e+04
2.042580000000000382e+02 1.048995921237598668e+04
2.045465000000000373e+02 1.044155933027403080e+04
2.048350000000000364e+02 1.054535781121966284e+04
2.051235000000000355e+02 1.032207903530716248e+04
2.054120000000000346e+02 1.042073860810361111e+04
2.057005000000000337e+02 1.018327504933709679e+04
2.059890000000000327e+02 1.031145469249405869e+04
2.062775000000000318e+02 1.040334573432666730e+04
2.065660000000000309e+02 1.004860968530061655e+04
2.068545000000000300e+02 1.039953781168847308e+04
2.071430000000000291e+02 1.045525856951708738e+04
2.074315000000000282e+02 1.052266526159799650e+04
2.077200000000000273e+02 1.013558911540644294e+04
2.080085000000000264e+02 9.986729663805788732e+03
2.082970000000000255e+02 1.008207088361895694e+04
2.085855000000000246e+02 9.792610860465578298e+03
2.088740000000000236e+02 1.030103958508727555e+04
2.091625000000000227e+02 1.029968527054876722e+04
2.094510000000000218e+02 1.003278314524298003e+04
2.097395000000000209e+02 1.043971166343050390e+04
2.100280000000000200e+02 1.051659654380192842e+04
2.103165000000000191e+02 1.038876975520751148e+04
2.106050000000000182e+02 1.025300528590194699e+04
2.108935000000000173e+02 1.053808462463164688e+04
2.111820000000000164e+02 1.008614321795480828e+04
2.114705000000000155e+02 1.020283675439537001e+04
2.117590000000000146e+02 9.960047779803586309e+03
2.120475000000000136e+02 1.034988312273263728e+04
2.123360000000000127e+02 9.709532879903130379e+03
2.126245000000000118e+02 1.027596807481211727e+04
2.129130000000000393e+02 1.047015571131750221e+04
2.132015000000000384e+02 1.009299193380298311e+04
2.134900000000000375e+02 1.027879184257768975e+04
2.137785000000000366e+02 9.790066560945349920e+03
2.140670000000000357e+02 1.031405108275480779e+04
2.143555000000000348e+02 1.004164493648422285e+04
2.146440000000000339e+02 1.002867052375382809e+04
2.149325000000000330e+02 1.021067431293852860e+04
2.152210000000000321e+02 9.926355262915119965e+03
2.155095000000000312e+02 1.084995278124734614e+04
2.157980000000000302e+02 1.023471379616436207e+04
2.160865000000000293e+02 1.007399842182274551e+04
2.163750000000000284e+02 1.078744505998473687e+04
2.166635000000000275e+02 1.006618137004237178e+04
2.169520000000000266e+02 9.962398623694507478e+03
2.172405000000000257e+02 9.978182344489812749e+03
2.175290000000000248e+02 1.007667485690595277e+04
2.178175000000000239e+02 9.973167976662429282e+03
2.181060000000000230e+02 9.497485902987837108e+03
2.183945000000000221e+02 9.799387543707522127e+03
2.186830000000000211e+02 9.944342842634147019e+03
2.189715000000000202e+02 1.004527413708370477e+04
2.192600000000000193e+02 1.023810321617673799e+04
2.195485000000000184e+02 1.021549074293406557e+04
2.198370000000000175e+02 1.019138045657771909e+04
2.201255000000000166e+02 9.896865061112101102e+03
2.204140000000000157e+02 1.031306111783082270e+04
2.207025000000000148e+02 1.009930457962343826e+04
2.209910000000000139e+02 9.796975684435092262e+03
2.212795000000000130e+02 9.844412879411926042e+03
2.215680000000000405e+02 1.001070761732135725e+04
2.218565000000000396e+02 9.756578942615427877e+03
2.221450000000000387e+02 9.976618485468721701e+03
2.224335000000000377e+02 9.622840833284479231e+03
2.227220000000000368e+02 9.700216676104446378e+03
2.230105000000000359e+02 9.585357763820644323e+03
2.232990000000000350e+02 9.694895768438967934e+03
2.235875000000000341e+02 9.906110088021245247e+03
2.238760000000000332e+02 1.016546550272306922e+04
2.241645000000000323e+02 9.796669324902679364e+03
2.244530000000000314e+02 9.967449163964174659e+03
2.247415000000000305e+02 9.955069848812556302e+03
2.250300000000000296e+02 9.812648143480359067e+03
2.253185000000000286e+02 1.026899253283707549e+04
2.256070000000000277e+02 9.858478608086219538e+03
2.258955000000000268e+02 9.635143751566925857e+03
2.261840000000000259e+02 9.787813678513157356e+03
2.264725000000000250e+02 9.954517706284868837e+03
2.267610000000000241e+02 1.010961095519360242e+04
2.270495000000000232e+02 9.870520123875163335e+03
2.273380000000000223e+02 1.033495566315928045e+04
2.276265000000000214e+02 1.052757052011613087e+04
2.279150000000000205e+02 1.079097435920099997e+04
2.282035000000000196e+02 1.012371517194196895e+04
2.284920000000000186e+02 1.049592348763204609e+04
2.287805000000000177e+02 1.186864770355077235e+04
2.290690000000000168e+02 1.074906954908403532e+04
2.293575000000000159e+02 1.269519121699519019e+04
2.296460000000000150e+02 1.082617972593111699e+04
2.299345000000000141e+02 1.057065355596757399e+04
2.302230000000000132e+02 1.000253221589918940e+04
2.305115000000000407e+02 1.038387630136807275e+04
2.308000000000000398e+02 9.981908599149383008e+03
2.310885000000000389e+02 1.011030187830752948e+04
2.313770000000000380e+02 9.885492493274070512e+03
2.316655000000000371e+02 1.008858215721401939e+04
2.319540000000000362e+02 9.845726628041837103e+03
2.322425000000000352e+02 9.872170836042170777e+03
2.325310000000000343e+02 9.784934385630507677e+03
2.328195000000000334e+02 9.885087449161161203e+03
2.331080000000000325e+02 9.919262242812956174e+03
2.333965000000000316e+02 9.565361094831432638e+03
2.336850000000000307e+02 9.638374774554022224e+03
2.339735000000000298e+02 9.459972065513195048e+03
2.342620000000000289e+02 1.003116114792543158e+04
2.345505000000000280e+02 1.002995089080875732e+04
2.348390000000000271e+02 9.994623909066731358e+03
2.351275000000000261e+02 1.002144354557543193e+04
2.354160000000000252e+02 9.421472213071521765e+03
2.357045000000000243e+02 9.763350433168840027e+03
2.359930000000000234e+02 9.686701266533629678e+03
2.362815000000000225e+02 9.730361263621271064e+03
2.365700000000000216e+02 9.518966323212023781e+03
2.368585000000000207e+02 9.459291175295649737e+03
2.371470000000000198e+02 9.738028317863205302e+03
2.374355000000000189e+02 9.616334915602217734e+03
2.377240000000000180e+02 9.880331987925463181e+03
2.380125000000000171e+02 9.594956749007897088e+03
2.383010000000000161e+02 9.430787099175404364e+03
2.385895000000000152e+02 9.471841911838242595e+03
2.388780000000000143e+02 9.351366420380754789e+03
2.391665000000000418e+02 9.155991217848655651e+03
2.394550000000000409e+02 9.818538052146011978e+03
2.397435000000000400e+02 9.441384720905763970e+03
2.400320000000000391e+02 9.297531336825673861e+03
2.403205000000000382e+02 9.522098858414499773e+03
2.406090000000000373e+02 9.650609180624716828e+03
2.408975000000000364e+02 9.516128885461053869e+03
2.411860000000000355e+02 9.531271557156818744e+03
2.414745000000000346e+02 9.494865923756980919e+03
2.417630000000000337e+02 9.748953283044807904e+03
2.420515000000000327e+02 9.575331052600748080e+03
2.423400000000000318e+02 9.620085702310732813e+03
2.426285000000000309e+02 9.705087695694974173e+03
2.429170000000000300e+02 9.698291729391035915e+03
2.432055000000000291e+02 9.638560269222147326e+03
2.434940000000000282e+02 9.855935230378627239e+03
2.437825000000000273e+02 9.750943949959999372e+03
2.440710000000000264e+02 9.861148479234077968e+03
2.443595000000000255e+02 9.765210528633591821e+03
2.446480000000000246e+02 9.758118004116206066e+03
2.449365000000000236e+02 9.283753536024343703e+03
2.452250000000000227e+02 9.631848151506443173e+03
2.455135000000000218e+02 9.552236060367038590e+03
2.458020000000000209e+02 9.871228312980205374e+03
2.460905000000000200e+02 9.684965412838108023e+03
2.463790000000000191e+02 9.824208571461676911e+03
2.466675000000000182e+02 9.937154919288163001e+03
2.469560000000000173e+02 1.077727913712829650e+04
2.472445000000000164e+02 1.059039166052418113e+04
2.475330000000000155e+02 1.190913618137505728e+04
2.478215000000000430e+02 1.265464285852302964e+04
2.481100000000000421e+02 2.031578992668937644e+04
2.483985000000000412e+02 1.945427835268763738e+04
2.486870000000000402e+02 1.917893368468554399e+04
2.489755000000000393e+02 1.085368499355561653e+04
2.492640000000000384e+02 1.084804140479984380e+04
2.495525000000000375e+02 1.098296943657591146e+04
2.498410000000000366e+02 1.118871259569695758e+04
2.501295000000000357e+02 9.922587222086112888e+03
2.504180000000000348e+02 1.011197575336734735e+04
2.507065000000000339e+02 1.014609176908705012e+04
2.509950000000000330e+02 1.020109873820170287e+04
2.512835000000000321e+02 9.601809938891516140e+03
2.515720000000000312e+02 9.448394695700297234e+03
2.518605000000000302e+02 9.522491543928266765e+03
2.521490000000000293e+02 9.422433682151482571e+03
2.524375000000000284e+02 9.793952258278408408e+03
2.527260000000000275e+02 9.282773673507557760e+03
2.530145000000000266e+02 9.444842887415183213e+03
2.533030000000000257e+02 9.690751779274049113e+03
2.535915000000000248e+02 9.383618275258066205e+03
2.538800000000000239e+02 9.108745642401469013e+03
2.541685000000000230e+02 9.126447845108723413e+03
2.544570000000000221e+02 9.132872064238623352e+03
2.547455000000000211e+02 9.520555252542168091e+03
2.550340000000000202e+02 9.305431972901113113e+03
2.553225000000000193e+02 9.075820704717380067e+03
2.556110000000000184e+02 9.188801830282582159e+03
2.558995000000000175e+02 9.352656698767645139e+03
2.561880000000000450e+02 9.333099636746941542e+03
2.564765000000000441e+02 9.460014607426281145e+03
2.567650000000000432e+02 9.247568439489989032e+03
2.570535000000000423e+02 9.492586318464871511e+03
2.573420000000000414e+02 9.561518393931728497e+03
2.576305000000000405e+02 9.648900536890083458e+03
2.579190000000000396e+02 9.629344888737236033e+03
2.582075000000000387e+02 9.543150206863834683e+03
2.584960000000000377e+02 9.140514101596872933e+03
2.587845000000000368e+02 9.276461622998556777e+03
2.590730000000000359e+02 9.442665488949960491e+03
2.593615000000000350e+02 9.515085403953718924e+03
2.596500000000000341e+02 9.244156683029532360e+03
2.599385000000000332e+02 9.652056153779081797e+03
2.602270000000000323e+02 9.428621278185246410e+03
2.605155000000000314e+02 9.488533776883821702e+03
2.608040000000000305e+02 9.026728313032144797e+03
2.610925000000000296e+02 9.512810183510486240e+03
2.613810000000000286e+02 9.307096269230371036e+03
2.616695000000000277e+02 9.191435140515055537e+03
2.619580000000000268e+02 9.369522860745179059e+03
2.622465000000000259e+02 9.398012406679457854e+03
2.625350000000000250e+02 9.049514085530707234e+03
2.628235000000000241e+02 9.714364669525319187e+03
2.631120000000000232e+02 9.393488963416795741e+03
2.634005000000000223e+02 9.482576002287403753e+03
2.636890000000000214e+02 9.202552497534061331e+03
2.639775000000000205e+02 9.770297422514762729e+03
2.642660000000000196e+02 9.043160274915429909e+03
2.645545000000000186e+02 9.487092139073447470e+03
2.648430000000000177e+02 9.356100788105015454e+03
2.651315000000000168e+02 9.623006284730405241e+03
2.654200000000000159e+02 9.179618980508899767e+03
2.657085000000000150e+02 8.891473311296225802e+03
2.659970000000000141e+02 9.265445815080567627e+03
2.662855000000000132e+02 9.904666699709930981e+03
2.665740000000000123e+02 9.255048011214516009e+03
2.668625000000000114e+02 9.027620997498128418e+03
2.671510000000000105e+02 9.056463947844826180e+03
2.674395000000000095e+02 9.630188949816822060e+03
2.677280000000000086e+02 9.673772646511075436e+03
2.680165000000000077e+02 9.068676883393818571e+03
2.683050000000000068e+02 9.443551170645449020e+03
2.685935000000000059e+02 9.522646845973815289e+03
2.688820000000000050e+02 9.273292867720170761e+03
2.691705000000000041e+02 9.102194743907091834e+03
2.694590000000000600e+02 9.539453390683631369e+03
2.697475000000000591e+02 9.210641714402083380e+03
2.700360000000000582e+02 9.261343677922726783e+03
2.703245000000000573e+02 9.279580156475713011e+03
2.706130000000000564e+02 9.184136788797028203e+03
2.709015000000000555e+02 8.956842749439871113e+03
2.711900000000000546e+02 9.238895908675036480e+03
2.714785000000000537e+02 9.192415825131451129e+03
2.717670000000000528e+02 9.197230788847824442e+03
2.720555000000000518e+02 9.129909278487228221e+03
2.723440000000000509e+02 9.368862818575049459e+03
2.726325000000000500e+02 9.532605736915591478e+03
2.729210000000000491e+02 8.891012911906622321e+03
2.732095000000000482e+02 9.277332277471305133e+03
2.734980000000000473e+02 9.263273851477018979e+03
2.737865000000000464e+02 9.642720491004221913e+03
2.740750000000000455e+02 9.267608959581772069e+03
2.743635000000000446e+02 9.262411218226821802e+03
2.746520000000000437e+02 9.229505518449173906e+03
2.749405000000000427e+02 9.365697599064453243e+03
2.752290000000000418e+02 9.319871945145476275e+03
2.755175000000000409e+02 9.573314879510775427e+03
2.758060000000000400e+02 9.562605388197433058e+03
2.760945000000000391e+02 9.558872822150584398e+03
2.763830000000000382e+02 9.322891673650496159e+03
2.766715000000000373e+02 9.348992850513985104e+03
2.769600000000000364e+02 1.064233709340314090e+04
2.772485000000000355e+02 9.705824223846095265e+03
2.775370000000000346e+02 1.046198383057460160e+04
2.778255000000000337e+02 1.038835323653913474e+04
2.781140000000000327e+02 1.001357744843257751e+04
2.784025000000000318e+02 1.093902160671280035e+04
2.786910000000000309e+02 1.450018670147201738e+04
2.789795000000000300e+02 1.203159352482824579e+04
2.792680000000000291e+02 9.178849615822002306e+03
2.795565000000000282e+02 1.000628391462242143e+04
2.798450000000000273e+02 1.020874473692336505e+04
2.801335000000000264e+02 9.278871296765284569e+03
2.804220000000000255e+02 9.643420569023759526e+03
2.807105000000000246e+02 9.637181546589861682e+03
2.809990000000000236e+02 9.180013907715545429e+03
2.812875000000000227e+02 9.001611704208904484e+03
2.815760000000000218e+02 9.511823837462949086e+03
2.818645000000000209e+02 9.682582721745184244e+03
2.821530000000000200e+02 9.047052317642666821e+03
2.824415000000000191e+02 9.256057870395210557e+03
2.827300000000000182e+02 9.688728185296897209e+03
2.830185000000000173e+02 9.389926535122131099e+03
2.833070000000000164e+02 9.347243787172534212e+03
2.835955000000000155e+02 9.245039166764880065e+03
2.838840000000000146e+02 9.158941314782066911e+03
2.841725000000000136e+02 9.162976591309796277e+03
2.844610000000000127e+02 9.276685668881851598e+03
2.847495000000000118e+02 9.347268120383321730e+03
2.850380000000000109e+02 9.355788575472693992e+03
2.853265000000000100e+02 9.518832236665541132e+03
2.856150000000000091e+02 9.244844031247128441e+03
2.859035000000000082e+02 9.543860073239504345e+03
2.861920000000000073e+02 9.448521690114350349e+03
2.864805000000000064e+02 9.244284798658964064e+03
2.867690000000000623e+02 9.043172224255326000e+03
2.870575000000000614e+02 9.303636337006442773e+03
2.873460000000000605e+02 9.001297585840940883e+03
2.876345000000000596e+02 9.250523802869538486e+03
2.879230000000000587e+02 9.130708864432515838e+03
2.882115000000000578e+02 9.376482334772035756e+03
2.885000000000000568e+02 8.738797475616753218e+03
