2.885000000000000342e-01 4.269072624443444074e+05
5.770000000000000684e-01 2.308363881706146640e+05
8.655000000000001581e-01 1.638996623668789398e+05
1.154000000000000137e+00 1.240733948182614840e+05
1.442500000000000115e+00 9.922512060771211691e+04
1.731000000000000316e+00 9.136308367520818138e+04
2.019500000000000295e+00 7.418462484491011128e+04
2.308000000000000274e+00 5.575700815248391882e+04
2.596500000000000252e+00 5.535871393146479386e+04
2.885000000000000231e+00 5.265291831411870953e+04
3.173500000000000210e+00 4.059184416022419464e+04
3.462000000000000632e+00 4.861167269950304035e+04
3.750500000000000611e+00 3.853876336282536795e+04
4.039000000000000590e+00 3.664966751190274954e+04
4.327500000000000568e+00 3.529094821997579129e+04
4.616000000000000547e+00 3.007133665058113183e+04
4.904500000000000526e+00 3.784141913346103684e+04
5.193000000000000504e+00 3.071337458362073812e+04
5.481500000000000483e+00 4.431115469963369833e+04
5.770000000000000462e+00 3.451455174916554824e+04
6.058500000000000441e+00 3.252532245839885945e+04
6.347000000000000419e+00 2.855755089195370601e+04
6.635500000000000398e+00 3.324474945387929620e+04
6.924000000000001265e+00 3.122142892650019712e+04
7.212500000000001243e+00 2.646654250377822973e+04
7.501000000000001222e+00 2.584961104049718415e+04
7.789500000000001201e+00 2.623218841024363792e+04
8.078000000000001180e+00 2.836027497191886505e+04
8.366500000000000270e+00 2.963779462860499552e+04
8.655000000000001137e+00 2.721030991647750125e+04
8.943500000000000227e+00 2.958141870025733442e+04
9.232000000000001094e+00 3.101413570048565089e+04
9.520500000000001961e+00 3.921378596382265096e+04
9.809000000000001052e+00 2.610635780260539104e+04
1.009750000000000192e+01 2.717428823975619889e+04
1.038600000000000101e+01 2.422770648498375886e+04
1.067450000000000188e+01 2.168162077626532846e+04
1.096300000000000097e+01 3.453942196851281915e+04
1.125150000000000183e+01 2.665205644889989344e+04
1.154000000000000092e+01 2.921305322728960164e+04
1.182850000000000179e+01 2.781257464003632413e+04
1.211700000000000088e+01 3.372127797554586869e+04
1.240550000000000175e+01 3.216774867014616757e+04
1.269400000000000084e+01 2.069186629763785822e+04
1.298250000000000171e+01 2.563295661693020156e+04
1.327100000000000080e+01 2.360471438412807038e+04
1.355950000000000166e+01 2.534345114020132314e+04
1.384800000000000253e+01 2.394693583358181786e+04
1.413650000000000162e+01 3.121711951457657415e+04
1.442500000000000249e+01 3.323179914119496243e+04
1.471350000000000158e+01 3.256138989554905493e+04
1.500200000000000244e+01 4.153474224071456410e+04
1.529050000000000153e+01 2.884982303518339904e+04
1.557900000000000240e+01 2.896912536021645792e+04
1.586750000000000149e+01 3.012124871141046606e+04
1.615600000000000236e+01 3.416063166696841654e+04
1.644450000000000145e+01 2.721588370358163593e+04
1.673300000000000054e+01 3.760333737994021067e+04
1.702150000000000318e+01 3.021504913849904551e+04
1.731000000000000227e+01 2.614330955605917916e+04
1.759850000000000136e+01 3.708009333423544740e+04
1.788700000000000045e+01 3.064660596271317991e+04
1.817550000000000310e+01 2.431867893425422881e+04
1.846400000000000219e+01 2.222965197593638732e+04
1.875250000000000128e+01 2.869453911075731594e+04
1.904100000000000392e+01 2.272439537261838632e+04
1.932950000000000301e+01 2.360601043088391089e+04
1.961800000000000210e+01 1.919396999115415019e+04
1.990650000000000119e+01 2.521126634828386887e+04
2.019500000000000384e+01 2.081850809218645736e+04
2.048350000000000293e+01 2.503147235974947398e+04
2.077200000000000202e+01 2.403610819058683774e+04
2.106050000000000111e+01 2.314120648787363825e+04
2.134900000000000375e+01 4.109124341484597244e+04
2.163750000000000284e+01 2.615572923581020586e+04
2.192600000000000193e+01 2.749863979972321977e+04
2.221450000000000102e+01 2.512972035895373847e+04
2.250300000000000367e+01 1.990748920648311105e+04
2.279150000000000276e+01 2.254412854291934855e+04
2.308000000000000185e+01 1.878663641233996168e+04
2.336850000000000449e+01 2.002588943732579355e+04
2.365700000000000358e+01 2.965866789233469899e+04
2.394550000000000267e+01 2.683281636186185278e+04
2.423400000000000176e+01 2.125513507036742885e+04
2.452250000000000441e+01 2.196794912983107497e+04
2.481100000000000350e+01 2.208979868622169306e+04
2.509950000000000259e+01 1.780662425130554766e+04
2.538800000000000168e+01 1.923591483218763096e+04
2.567650000000000432e+01 1.642407856280545093e+04
2.596500000000000341e+01 1.843965326677093617e+04
2.625350000000000250e+01 1.784403394913952434e+04
2.654200000000000159e+01 2.002957889950850222e+04
2.683050000000000423e+01 1.885794644361617975e+04
2.711900000000000333e+01 2.017320955282845898e+04
2.740750000000000242e+01 1.828305948260231526e+04
2.769600000000000506e+01 1.848062137407824412e+04
2.798450000000000415e+01 2.063919233440844982e+04
2.827300000000000324e+01 2.746585305562772919e+04
2.856150000000000233e+01 2.135544386869648952e+04
2.885000000000000497e+01 1.755113865770204939e+04
2.913850000000000406e+01 2.196292969727528907e+04
2.942700000000000315e+01 2.204118717657825982e+04
2.971550000000000225e+01 1.972271269051682975e+04
3.000400000000000489e+01 1.655394945037468278e+04
3.029250000000000398e+01 1.769299197985489445e+04
3.058100000000000307e+01 1.892848417564386909e+04
3.086950000000000216e+01 1.845467001895701105e+04
3.115800000000000480e+01 1.823057280441213516e+04
3.144650000000000389e+01 2.020481128624506164e+04
3.173500000000000298e+01 1.908072254425564097e+04
3.202350000000000563e+01 2.096738277112135256e+04
3.231200000000000472e+01 2.074284222170998328e+04
3.260050000000000381e+01 1.894876567317736408e+04
3.288900000000000290e+01 2.020011331015558608e+04
3.317750000000000199e+01 2.147107209277666334e+04
3.346600000000000108e+01 1.877477198047201091e+04
3.375450000000000728e+01 2.367101489865658732e+04
3.404300000000000637e+01 1.925555760327065218e+04
3.433150000000000546e+01 2.519047637439834944e+04
3.462000000000000455e+01 2.282795096299333454e+04
3.490850000000000364e+01 1.775404788207827733e+04
3.519700000000000273e+01 2.078378110238988666e+04
3.548550000000000182e+01 2.121922292143697996e+04
3.577400000000000091e+01 2.009994298926004194e+04
3.606250000000000711e+01 2.086591332245200829e+04
3.635100000000000620e+01 2.254750246344121479e+04
3.663950000000000529e+01 1.935685375564943388e+04
3.692800000000000438e+01 2.007891303753295506e+04
3.721650000000000347e+01 1.974014026034978087e+04
3.750500000000000256e+01 1.947509775645949048e+04
3.779350000000000165e+01 1.855887348121763353e+04
3.808200000000000784e+01 1.864836545156695502e+04
3.837050000000000693e+01 1.890360983131801186e+04
3.865900000000000603e+01 1.862735164755917140e+04
3.894750000000000512e+01 2.001406706515044061e+04
3.923600000000000421e+01 1.784536236651380023e+04
3.952450000000000330e+01 1.507463052777198573e+04
3.981300000000000239e+01 2.058311151752193109e+04
4.010150000000000148e+01 1.606689940785982435e+04
4.039000000000000767e+01 1.883216836091598088e+04
4.067850000000000676e+01 1.755943129492033768e+04
4.096700000000000585e+01 1.763825224634727419e+04
4.125550000000000495e+01 1.728355008922638081e+04
4.154400000000000404e+01 1.780159343040251042e+04
4.183250000000000313e+01 1.759914268113981598e+04
4.212100000000000222e+01 2.189933008328451251e+04
4.240950000000000841e+01 1.656611167138033488e+04
4.269800000000000750e+01 1.765107743153893534e+04
4.298650000000000659e+01 1.685941245509289365e+04
4.327500000000000568e+01 1.948703829192221383e+04
4.356350000000000477e+01 1.800174013396732698e+04
4.385200000000000387e+01 1.728082636894402094e+04
4.414050000000000296e+01 1.861582509944172125e+04
4.442900000000000205e+01 1.603930227197493514e+04
4.471750000000000824e+01 1.814778918058440104e+04
4.500600000000000733e+01 1.594789714149118845e+04
4.529450000000000642e+01 1.703496373159972791e+04
4.558300000000000551e+01 1.777242339564552822e+04
4.587150000000000460e+01 1.922484924193703409e+04
4.616000000000000369e+01 1.585363359696255611e+04
4.644850000000000279e+01 1.765984055909844028e+04
4.673700000000000898e+01 2.094994705841508767e+04
4.702550000000000807e+01 1.794703432440494362e+04
4.731400000000000716e+01 1.925691823147087416e+04
4.760250000000000625e+01 1.839944827871450252e+04
4.789100000000000534e+01 2.077704240166610907e+04
4.817950000000000443e+01 2.303396513049829809e+04
4.846800000000000352e+01 2.160564078711513866e+04
4.875650000000000261e+01 2.653640525936510312e+04
4.904500000000000881e+01 2.517657191023343330e+04
4.933350000000000790e+01 4.558444557243571035e+04
4.962200000000000699e+01 1.206807778189892997e+05
4.991050000000000608e+01 7.556467570038608392e+04
5.019900000000000517e+01 2.931343578079419967e+04
5.048750000000000426e+01 2.597898088453353921e+04
5.077600000000000335e+01 2.021280029427440968e+04
5.106450000000000955e+01 2.348488887146078559e+04
5.135300000000000864e+01 1.904336501973678241e+04
5.164150000000000773e+01 2.012093589624193191e+04
5.193000000000000682e+01 1.745952939986205092e+04
5.221850000000000591e+01 2.072371738579477096e+04
5.250700000000000500e+01 1.986461541417783883e+04
5.279550000000000409e+01 1.673183136379191274e+04
5.308400000000000318e+01 1.638992803819745313e+04
5.337250000000000938e+01 2.086511045556777026e+04
5.366100000000000847e+01 1.886719197039071150e+04
5.394950000000000756e+01 1.776355156038392670e+04
5.423800000000000665e+01 1.886959014332116567e+04
5.452650000000000574e+01 1.792380070648689434e+04
5.481500000000000483e+01 1.901483939145644763e+04
5.510350000000000392e+01 1.929853868821249489e+04
5.539200000000001012e+01 1.979317319892499654e+04
5.568050000000000921e+01 1.910385532157280977e+04
5.596900000000000830e+01 1.911661603659873435e+04
5.625750000000000739e+01 2.320250092135502200e+04
5.654600000000000648e+01 1.886908177651763617e+04
5.683450000000000557e+01 1.800484264317141424e+04
5.712300000000000466e+01 1.515020414047111444e+04
5.741150000000000375e+01 1.581776529450749331e+04
5.770000000000000995e+01 1.747377726110374351e+04
5.798850000000000904e+01 1.722775270939200345e+04
5.827700000000000813e+01 1.735649897611442429e+04
5.856550000000000722e+01 1.635964341972327020e+04
5.885400000000000631e+01 1.854438608914364158e+04
5.914250000000000540e+01 1.893449563799878524e+04
5.943100000000000449e+01 2.045282846851618888e+04
5.971950000000000358e+01 2.135861568695554161e+04
6.000800000000000978e+01 2.016219711427497896e+04
6.029650000000000887e+01 1.847449210494763611e+04
6.058500000000000796e+01 1.521270067711732372e+04
6.087350000000000705e+01 1.774985238913644571e+04
6.116200000000000614e+01 1.846227039965981749e+04
6.145050000000000523e+01 1.816615122705709291e+04
6.173900000000000432e+01 2.052274919628175849e+04
6.202750000000001052e+01 2.108379433932400934e+04
6.231600000000000961e+01 1.733170446162403459e+04
6.260450000000000870e+01 2.065347269596809201e+04
6.289300000000000779e+01 1.979794286761281910e+04
6.318150000000000688e+01 2.098292098421432092e+04
6.347000000000000597e+01 2.075924743725455482e+04
6.375850000000000506e+01 1.868595836702329689e+04
6.404700000000001125e+01 1.950998541633714922e+04
6.433550000000001035e+01 2.134224876748928000e+04
6.462400000000000944e+01 2.173610528966597849e+04
6.491250000000000853e+01 2.351998888903137777e+04
6.520100000000000762e+01 2.231405995330869337e+04
6.548950000000000671e+01 2.496951462768917554e+04
6.577800000000000580e+01 2.304265365423130788e+04
6.606650000000000489e+01 2.223127271558201028e+04
6.635500000000000398e+01 2.087908386538685590e+04
6.664350000000000307e+01 2.115714978451990828e+04
6.693200000000000216e+01 2.791323016453871969e+04
6.722050000000000125e+01 2.150456186224159319e+04
6.750900000000001455e+01 2.993379878280865887e+04
6.779750000000001364e+01 2.562433087901498220e+04
6.808600000000001273e+01 2.896169874327022990e+04
6.837450000000001182e+01 4.198773088682595699e+04
6.866300000000001091e+01 2.643505584464031563e+04
6.895150000000001000e+01 2.732474396760182935e+04
6.924000000000000909e+01 4.008860963195250952e+04
6.952850000000000819e+01 3.266891401803209010e+04
6.981700000000000728e+01 7.287024719847232336e+04
7.010550000000000637e+01 5.204895498411180597e+04
7.039400000000000546e+01 1.545847922351955494e+05
7.068250000000000455e+01 1.425936134580214566e+05
7.097100000000000364e+01 3.885142399732708000e+05
7.125950000000000273e+01 3.969632586809458444e+05
7.154800000000000182e+01 1.873956585951322340e+05
7.183650000000001512e+01 9.926308855224188301e+04
7.212500000000001421e+01 5.686638154316311557e+04
7.241350000000001330e+01 4.763958161207650846e+04
7.270200000000001239e+01 6.601922117384678859e+04
7.299050000000001148e+01 5.288381086020285147e+04
7.327900000000001057e+01 4.357439101101076812e+04
7.356750000000000966e+01 4.389747430013860867e+04
7.385600000000000875e+01 2.045431126224711988e+04
7.414450000000000784e+01 2.832710464385805972e+04
7.443300000000000693e+01 3.522456173390727781e+04
7.472150000000000603e+01 2.552697020295031689e+04
7.501000000000000512e+01 2.330375386247616552e+04
7.529850000000000421e+01 2.421281825174931873e+04
7.558700000000000330e+01 1.896669401803605433e+04
7.587550000000000239e+01 2.736649435244456981e+04
7.616400000000001569e+01 2.478421610438935022e+04
7.645250000000001478e+01 2.108068945816865744e+04
7.674100000000001387e+01 2.194559355609857084e+04
7.702950000000001296e+01 2.126516996696274873e+04
7.731800000000001205e+01 2.417162544788742889e+04
7.760650000000001114e+01 2.340859940793945134e+04
7.789500000000001023e+01 2.083169399634328147e+04
7.818350000000000932e+01 2.695321431016863789e+04
7.847200000000000841e+01 2.029518087658852892e+04
7.876050000000000750e+01 2.419226790308873751e+04
7.904900000000000659e+01 1.767651660688936317e+04
7.933750000000000568e+01 2.149957839557894840e+04
7.962600000000000477e+01 2.100836427881540294e+04
7.991450000000000387e+01 2.087874061907419673e+04
8.020300000000000296e+01 2.965328564400726827e+04
8.049150000000001626e+01 2.108675324163927871e+04
8.078000000000001535e+01 2.040898752135465475e+04
8.106850000000001444e+01 1.710331408762390856e+04
8.135700000000001353e+01 2.237158795101201758e+04
8.164550000000001262e+01 1.734926227963420752e+04
8.193400000000001171e+01 1.875998215773164702e+04
8.222250000000001080e+01 2.007434775329884724e+04
8.251100000000000989e+01 1.733584845055375627e+04
8.279950000000000898e+01 1.794184316438746100e+04
8.308800000000000807e+01 1.611961850581783256e+04
8.337650000000000716e+01 1.970599613187672003e+04
8.366500000000000625e+01 1.514786212367778899e+04
8.395350000000000534e+01 1.437143725039196215e+04
8.424200000000000443e+01 1.314719637560852061e+04
8.453050000000000352e+01 1.503887982189501236e+04
8.481900000000001683e+01 1.523642836793765491e+04
8.510750000000001592e+01 1.479525259259369159e+04
8.539600000000001501e+01 1.752901180187545833e+04
8.568450000000001410e+01 1.889897595878877109e+04
8.597300000000001319e+01 1.705098657507617827e+04
8.626150000000001228e+01 1.618776705636204861e+04
8.655000000000001137e+01 1.752984694457181467e+04
8.683850000000001046e+01 1.618842082440374361e+04
8.712700000000000955e+01 1.824796578927568771e+04
8.741550000000000864e+01 1.628583778742389040e+04
8.770400000000000773e+01 1.729125383027891075e+04
8.799250000000000682e+01 1.536481293233340148e+04
8.828100000000000591e+01 1.381149000159441493e+04
8.856950000000000500e+01 1.508587694185915643e+04
8.885800000000000409e+01 1.717294734727398099e+04
8.914650000000001739e+01 1.459443354817311774e+04
8.943500000000001648e+01 1.447279932405821455e+04
8.972350000000001558e+01 1.417695061025379982e+04
9.001200000000001467e+01 1.499999242549857991e+04
9.030050000000001376e+01 1.368555970676809739e+04
9.058900000000001285e+01 1.467469947957020304e+04
9.087750000000001194e+01 1.486933835124916550e+04
9.116600000000001103e+01 1.388048278568457863e+04
9.145450000000001012e+01 1.537950310099310082e+04
9.174300000000000921e+01 1.658373278048152861e+04
9.203150000000000830e+01 1.422148676949936453e+04
9.232000000000000739e+01 1.701561651853609874e+04
9.260850000000000648e+01 2.380911910246724437e+04
9.289700000000000557e+01 1.782276204222269735e+04
9.318550000000000466e+01 1.768591207461393060e+04
9.347400000000001796e+01 1.587894784317055746e+04
9.376250000000001705e+01 1.461344764493816729e+04
9.405100000000001614e+01 1.330496241318829379e+04
9.433950000000001523e+01 1.452804331718041794e+04
9.462800000000001432e+01 1.432245679756511527e+04
9.491650000000001342e+01 1.672325267111518770e+04
9.520500000000001251e+01 1.560633710187673569e+04
9.549350000000001160e+01 1.289324846009633802e+04
9.578200000000001069e+01 1.394892736242186766e+04
9.607050000000000978e+01 1.330570119924952996e+04
9.635900000000000887e+01 1.322997576170188586e+04
9.664750000000000796e+01 1.499923510522857941e+04
9.693600000000000705e+01 1.393248913595567137e+04
9.722450000000000614e+01 1.481087370651276797e+04
9.751300000000000523e+01 1.560903088449939423e+04
9.780150000000001853e+01 1.525484561821032730e+04
9.809000000000001762e+01 1.438832278669829793e+04
9.837850000000001671e+01 1.762728968011439792e+04
9.866700000000001580e+01 1.597172909341249215e+04
9.895550000000001489e+01 2.146834583419793125e+04
9.924400000000001398e+01 2.336463002756551941e+04
9.953250000000001307e+01 4.774462731551907200e+04
9.982100000000001216e+01 1.646240766983198046e+04
1.001095000000000113e+02 1.758437759492246914e+04
1.003980000000000103e+02 1.521236874851112225e+04
1.006865000000000094e+02 1.561048661721573626e+04
1.009750000000000085e+02 1.368372606371566690e+04
1.012635000000000076e+02 1.331041434148026929e+04
1.015520000000000067e+02 1.340567884512015007e+04
1.018405000000000058e+02 1.356007520309835854e+04
1.021290000000000191e+02 1.381757102755523374e+04
1.024175000000000182e+02 1.377730445924959895e+04
1.027060000000000173e+02 1.233352306522762228e+04
1.029945000000000164e+02 1.378947398803035321e+04
1.032830000000000155e+02 1.321036828817118658e+04
1.035715000000000146e+02 1.334750057912582815e+04
1.038600000000000136e+02 1.367204156111327393e+04
1.041485000000000127e+02 1.328099594766035625e+04
1.044370000000000118e+02 1.326745168766160896e+04
1.047255000000000109e+02 1.251426932964224579e+04
1.050140000000000100e+02 1.388805306957118410e+04
1.053025000000000091e+02 1.375438117167672863e+04
1.055910000000000082e+02 1.554178759585324406e+04
1.058795000000000073e+02 1.303656969603986181e+04
1.061680000000000064e+02 1.256541019803737800e+04
1.064565000000000197e+02 1.294336586285305930e+04
1.067450000000000188e+02 1.309295149978298650e+04
1.070335000000000178e+02 1.357728059564481737e+04
1.073220000000000169e+02 1.329321337035191755e+04
1.076105000000000160e+02 1.336725604220668720e+04
1.078990000000000151e+02 1.384512571316105459e+04
1.081875000000000142e+02 1.199168353843014665e+04
1.084760000000000133e+02 1.257393558991060672e+04
1.087645000000000124e+02 1.174273183541970138e+04
1.090530000000000115e+02 1.264290676783015806e+04
1.093415000000000106e+02 1.357390112439735276e+04
1.096300000000000097e+02 1.311997266587610284e+04
1.099185000000000088e+02 1.310560946899184273e+04
1.102070000000000078e+02 1.195367843914675905e+04
1.104955000000000069e+02 1.260994181535788812e+04
1.107840000000000202e+02 1.341552912366558303e+04
1.110725000000000193e+02 1.245287363342704339e+04
1.113610000000000184e+02 1.211886472630517164e+04
1.116495000000000175e+02 1.240427703625467439e+04
1.119380000000000166e+02 1.159931185518214988e+04
1.122265000000000157e+02 1.220546364254355467e+04
1.125150000000000148e+02 1.230916413370588089e+04
1.128035000000000139e+02 1.339066888610722344e+04
1.130920000000000130e+02 1.199887955748229979e+04
1.133805000000000121e+02 1.140478938441958053e+04
1.136690000000000111e+02 1.278797560842536768e+04
1.139575000000000102e+02 1.208928074265805844e+04
1.142460000000000093e+02 1.273492676926039894e+04
1.145345000000000084e+02 1.307960932675425647e+04
1.148230000000000075e+02 1.224075374460731655e+04
1.151115000000000066e+02 1.331954337435999150e+04
1.154000000000000199e+02 1.229471610685581982e+04
1.156885000000000190e+02 1.174221069770923350e+04
1.159770000000000181e+02 1.197591267047922156e+04
1.162655000000000172e+02 1.317956294424151019e+04
1.165540000000000163e+02 1.151655364488871237e+04
1.168425000000000153e+02 1.097050032415781425e+04
1.171310000000000144e+02 1.213429541909553336e+04
1.174195000000000135e+02 1.171913638601559978e+04
1.177080000000000126e+02 1.298412357467571746e+04
1.179965000000000117e+02 1.354219585194989850e+04
1.182850000000000108e+02 1.235317647000970283e+04
1.185735000000000099e+02 1.200320374382197588e+04
1.188620000000000090e+02 1.196939456362418787e+04
1.191505000000000081e+02 1.328608718258108456e+04
1.194390000000000072e+02 1.327428819265608763e+04
1.197275000000000205e+02 1.137349012997215323e+04
1.200160000000000196e+02 1.262115661837548214e+04
1.203045000000000186e+02 1.216250955585431620e+04
1.205930000000000177e+02 1.541069515941276404e+04
1.208815000000000168e+02 3.391231049218047701e+04
1.211700000000000159e+02 1.474759159737618938e+04
1.214585000000000150e+02 1.330359724105930582e+04
1.217470000000000141e+02 1.238437241163453109e+04
1.220355000000000132e+02 1.252667025214775276e+04
1.223240000000000123e+02 1.354496694757548539e+04
1.226125000000000114e+02 1.224470578110005772e+04
1.229010000000000105e+02 1.268869192376429419e+04
1.231895000000000095e+02 1.255891388306548106e+04
1.234780000000000086e+02 1.165901985044004323e+04
1.237665000000000077e+02 1.191528384838092825e+04
1.240550000000000210e+02 1.191831850181298068e+04
1.243435000000000201e+02 1.312653360307249022e+04
1.246320000000000192e+02 1.280714239393377466e+04
1.249205000000000183e+02 1.227417147417777051e+04
1.252090000000000174e+02 1.337394560585892214e+04
1.254975000000000165e+02 1.440378204584996456e+04
1.257860000000000156e+02 1.228124339817021973e+04
1.260745000000000147e+02 1.348133601004262709e+04
1.263630000000000138e+02 1.184992259908086999e+04
1.266515000000000128e+02 1.263153090100072041e+04
1.269400000000000119e+02 1.194127947066794331e+04
1.272285000000000110e+02 1.550971010426256180e+04
1.275170000000000101e+02 1.507307201005194111e+04
1.278055000000000092e+02 1.460651454085451041e+04
1.280940000000000225e+02 1.189412639987171679e+04
1.283825000000000216e+02 1.202762838574250418e+04
1.286710000000000207e+02 1.212894086081607202e+04
1.289595000000000198e+02 1.217583094863608494e+04
1.292480000000000189e+02 1.289111852229976284e+04
1.295365000000000180e+02 1.203322333502398760e+04
1.298250000000000171e+02 1.341239329119695503e+04
1.301135000000000161e+02 1.390784309321268483e+04
1.304020000000000152e+02 1.156923050080356006e+04
1.306905000000000143e+02 1.343746218727694395e+04
1.309790000000000134e+02 1.310790564447608085e+04
1.312675000000000125e+02 1.292749450884326507e+04
1.315560000000000116e+02 1.352959822545978750e+04
1.318445000000000107e+02 1.209468451019368877e+04
1.321330000000000098e+02 1.249884364867527074e+04
1.324215000000000089e+02 1.223310238226757428e+04
1.327100000000000080e+02 1.407684880233070726e+04
1.329985000000000070e+02 1.195201523890592944e+04
1.332870000000000061e+02 1.384751284935839794e+04
1.335755000000000052e+02 1.269339363957568821e+04
1.338640000000000043e+02 1.202955719977765875e+04
1.341525000000000034e+02 1.471134034939042976e+04
1.344410000000000025e+02 1.301701337824389884e+04
1.347295000000000300e+02 1.315373537578573269e+04
1.350180000000000291e+02 1.232547913573731967e+04
1.353065000000000282e+02 1.402160107972286642e+04
1.355950000000000273e+02 1.355295597567531331e+04
1.358835000000000264e+02 1.307152596077553062e+04
1.361720000000000255e+02 1.431252267773381027e+04
1.364605000000000246e+02 1.617302168376007830e+04
1.367490000000000236e+02 1.557957718040298460e+04
1.370375000000000227e+02 1.328337389137981700e+04
1.373260000000000218e+02 1.370608666885579623e+04
1.376145000000000209e+02 1.500870771898385829e+04
1.379030000000000200e+02 1.576300792017905223e+04
1.381915000000000191e+02 1.483029838934264080e+04
1.384800000000000182e+02 1.467647652631297206e+04
1.387685000000000173e+02 1.560115387632271268e+04
1.390570000000000164e+02 1.500833958960472228e+04
1.393455000000000155e+02 1.895308439586545501e+04
1.396340000000000146e+02 2.487048316510484437e+04
1.399225000000000136e+02 2.400799756989034358e+04
1.402110000000000127e+02 2.396266332123630855e+04
1.404995000000000118e+02 4.033580662474615383e+04
1.407880000000000109e+02 3.505154813312197075e+04
1.410765000000000100e+02 5.633135354513199854e+04
1.413650000000000091e+02 5.346842338638365618e+04
1.416535000000000082e+02 5.957380913625754329e+04
1.419420000000000073e+02 1.775482348485087859e+05
1.422305000000000064e+02 3.077644002919781487e+05
1.425190000000000055e+02 1.062007508566951001e+05
1.428075000000000045e+02 9.155679791383964766e+04
1.430960000000000036e+02 9.041546909529075492e+04
1.433845000000000312e+02 4.518224835654562048e+04
1.436730000000000302e+02 4.383023969907916762e+04
1.439615000000000293e+02 2.230926743670369615e+04
1.442500000000000284e+02 2.262768504405683052e+04
1.445385000000000275e+02 2.102860120606884448e+04
1.448270000000000266e+02 2.406873842835793766e+04
1.451155000000000257e+02 2.069461065372143639e+04
1.454040000000000248e+02 1.939389754137926138e+04
1.456925000000000239e+02 2.659839342396151915e+04
1.459810000000000230e+02 1.811736480352072977e+04
1.462695000000000221e+02 1.851565807126550135e+04
1.465580000000000211e+02 1.749420825437291205e+04
1.468465000000000202e+02 1.398714327651014719e+04
1.471350000000000193e+02 2.052406629058168255e+04
1.474235000000000184e+02 1.578236785233672708e+04
1.477120000000000175e+02 1.945691327308482869e+04
1.480005000000000166e+02 1.917474104525539224e+04
1.482890000000000157e+02 1.802370155206443815e+04
1.485775000000000148e+02 1.875645704200680848e+04
1.488660000000000139e+02 3.611672940119027771e+04
1.491545000000000130e+02 4.112801431070832041e+04
1.494430000000000121e+02 2.575974531578218011e+04
1.497315000000000111e+02 2.511692661986258827e+04
1.500200000000000102e+02 2.166086731419166244e+04
1.503085000000000093e+02 1.512260558427734213e+04
1.505970000000000084e+02 4.079773780825307040e+04
1.508855000000000075e+02 2.484960472863491304e+04
1.511740000000000066e+02 2.071922057887340270e+04
1.514625000000000057e+02 3.099589976999579812e+04
1.517510000000000048e+02 2.888309283172679716e+04
1.520395000000000039e+02 2.437577960922866259e+04
1.523280000000000314e+02 1.755221474873609259e+04
1.526165000000000305e+02 1.524697700687991892e+04
1.529050000000000296e+02 1.437899660828295782e+04
1.531935000000000286e+02 1.356937136295722121e+04
1.534820000000000277e+02 1.914724557859800916e+04
1.537705000000000268e+02 1.172252171335775893e+04
1.540590000000000259e+02 1.313041228506157495e+04
1.543475000000000250e+02 1.287475257104882076e+04
1.546360000000000241e+02 1.244559916410464575e+04
1.549245000000000232e+02 1.264322711256345065e+04
1.552130000000000223e+02 1.158867195693261237e+04
1.555015000000000214e+02 1.200447116203656151e+04
1.557900000000000205e+02 1.299278772179771840e+04
1.560785000000000196e+02 1.178371273264512456e+04
1.563670000000000186e+02 1.296166287098312932e+04
1.566555000000000177e+02 1.447428801742025098e+04
1.569440000000000168e+02 1.389870881442702375e+04
1.572325000000000159e+02 1.130594791986888231e+04
1.575210000000000150e+02 1.196003331467239332e+04
1.578095000000000141e+02 1.358987173949128555e+04
1.580980000000000132e+02 1.359614746747418394e+04
1.583865000000000123e+02 1.263639189288503258e+04
1.586750000000000114e+02 1.166169994514766404e+04
1.589635000000000105e+02 1.212190758156396441e+04
1.592520000000000095e+02 1.175920469015205526e+04
1.595405000000000086e+02 1.148107695918237732e+04
1.598290000000000077e+02 1.165169001081698843e+04
1.601175000000000068e+02 1.186004010225730417e+04
1.604060000000000059e+02 1.056623879179926189e+04
1.606945000000000050e+02 1.138916618107387148e+04
1.609830000000000325e+02 1.260906564334203904e+04
1.612715000000000316e+02 1.093107599759461664e+04
1.615600000000000307e+02 1.055931821076332744e+04
1.618485000000000298e+02 1.174921710798019558e+04
1.621370000000000289e+02 1.094272640374769435e+04
1.624255000000000280e+02 1.104469394622594882e+04
1.627140000000000271e+02 1.237649088886715072e+04
1.630025000000000261e+02 1.146175833563012748e+04
1.632910000000000252e+02 1.427798013962857658e+04
1.635795000000000243e+02 1.465584502129977773e+04
1.638680000000000234e+02 1.207675740909112574e+04
1.641565000000000225e+02 1.414608244911619477e+04
1.644450000000000216e+02 1.345795575275047668e+04
1.647335000000000207e+02 1.110590455356742314e+04
1.650220000000000198e+02 1.137038289174627062e+04
1.653105000000000189e+02 1.022989679273126785e+04
1.655990000000000180e+02 1.079352163597257095e+04
1.658875000000000171e+02 1.095854771440493641e+04
1.661760000000000161e+02 1.214431157370071196e+04
1.664645000000000152e+02 1.171222100060061166e+04
1.667530000000000143e+02 9.849240915064081491e+03
1.670415000000000134e+02 1.123919483212237174e+04
1.673300000000000125e+02 1.029727111809426424e+04
1.676185000000000116e+02 1.041649496012976124e+04
1.679070000000000107e+02 1.013024082858828297e+04
1.681955000000000098e+02 1.025416760492836693e+04
1.684840000000000089e+02 1.075714590137442428e+04
1.687725000000000080e+02 1.064671133780554374e+04
1.690610000000000070e+02 1.083788279779213917e+04
1.693495000000000061e+02 1.010629551353093120e+04
1.696380000000000337e+02 1.053997238521862346e+04
1.699265000000000327e+02 1.158732641953462553e+04
1.702150000000000318e+02 1.197564267568407377e+04
1.705035000000000309e+02 1.512996458070662811e+04
1.707920000000000300e+02 1.247760609628343263e+04
1.710805000000000291e+02 1.087784859415192113e+04
1.713690000000000282e+02 1.109588011143887343e+04
1.716575000000000273e+02 1.163385113503005050e+04
1.719460000000000264e+02 1.251197185881629048e+04
1.722345000000000255e+02 1.055220025510568121e+04
1.725230000000000246e+02 1.001923737340572006e+04
1.728115000000000236e+02 1.225114461460722850e+04
1.731000000000000227e+02 1.039414635923914102e+04
1.733885000000000218e+02 1.044419481509058642e+04
1.736770000000000209e+02 9.866843257245223867e+03
1.739655000000000200e+02 1.084523535403966525e+04
1.742540000000000191e+02 1.025018326635050289e+04
1.745425000000000182e+02 1.089022570447570433e+04
1.748310000000000173e+02 1.091306553576846818e+04
1.751195000000000164e+02 1.033626033695963997e+04
1.754080000000000155e+02 1.006152700727637239e+04
1.756965000000000146e+02 1.088831876942184681e+04
1.759850000000000136e+02 9.874201521407458131e+03
1.762735000000000127e+02 9.797013446862438286e+03
1.765620000000000118e+02 1.244508060140634916e+04
1.768505000000000109e+02 1.119652868176010270e+04
1.771390000000000100e+02 1.132455120588477439e+04
1.774275000000000091e+02 1.138386989727528453e+04
1.777160000000000082e+02 1.131983662598238880e+04
1.780045000000000073e+02 1.106835162007473627e+04
1.782930000000000348e+02 1.099925585943291844e+04
1.785815000000000339e+02 1.159833166171651283e+04
1.788700000000000330e+02 1.126209764968059062e+04
1.791585000000000321e+02 1.142211142739568459e+04
1.794470000000000312e+02 1.105535996944055478e+04
1.797355000000000302e+02 1.075601145945410644e+04
1.800240000000000293e+02 1.048547810440086869e+04
1.803125000000000284e+02 1.052863325687843644e+04
1.806010000000000275e+02 1.092909877773762855e+04
1.808895000000000266e+02 9.992105834644735296e+03
1.811780000000000257e+02 9.955058181078653433e+03
1.814665000000000248e+02 1.125995884464838309e+04
1.817550000000000239e+02 1.032148110203673423e+04
1.820435000000000230e+02 1.050129081716835572e+04
1.823320000000000221e+02 1.048409227920033663e+04
1.826205000000000211e+02 1.012798484588646534e+04
1.829090000000000202e+02 9.932401068136683534e+03
1.831975000000000193e+02 1.009507078540127077e+04
1.834860000000000184e+02 1.080936859951354745e+04
1.837745000000000175e+02 1.047387292154875468e+04
1.840630000000000166e+02 1.045357469534419215e+04
1.843515000000000157e+02 9.733779041801662970e+03
1.846400000000000148e+02 1.077148411812299673e+04
1.849285000000000139e+02 9.884624593709393594e+03
1.852170000000000130e+02 1.053718774963112264e+04
1.855055000000000121e+02 1.105242124830619287e+04
1.857940000000000111e+02 9.897076141794412251e+03
1.860825000000000102e+02 1.019660855533607173e+04
1.863710000000000093e+02 9.978721602467685443e+03
1.866595000000000084e+02 9.383640198919638351e+03
1.869480000000000359e+02 9.922313613028149121e+03
1.872365000000000350e+02 9.243522291821675026e+03
1.875250000000000341e+02 1.051389411110218134e+04
1.878135000000000332e+02 9.853616477005407432e+03
1.881020000000000323e+02 9.868419816646130130e+03
1.883905000000000314e+02 9.712921045703724303e+03
1.886790000000000305e+02 9.261895875064537904e+03
1.889675000000000296e+02 1.131752389910677266e+04
1.892560000000000286e+02 1.007245519438754127e+04
1.895445000000000277e+02 9.784502823951746905e+03
1.898330000000000268e+02 1.008426474613642313e+04
1.901215000000000259e+02 1.051893141843071135e+04
1.904100000000000250e+02 1.033242669362510605e+04
1.906985000000000241e+02 1.137810490753833437e+04
1.909870000000000232e+02 1.053599950333366905e+04
1.912755000000000223e+02 1.194412760573094420e+04
1.915640000000000214e+02 1.424272866663956484e+04
1.918525000000000205e+02 1.722996176563840345e+04
1.921410000000000196e+02 1.441633888471407045e+04
1.924295000000000186e+02 1.098248992428439669e+04
1.927180000000000177e+02 1.146860696966484647e+04
1.930065000000000168e+02 1.052373189682717020e+04
1.932950000000000159e+02 1.045751763189462508e+04
1.935835000000000150e+02 1.099861061810071624e+04
1.938720000000000141e+02 1.136438107192735697e+04
1.941605000000000132e+02 1.045055903948629930e+04
1.944490000000000123e+02 1.070232786166546248e+04
1.947375000000000114e+02 1.082959877473970118e+04
1.950260000000000105e+02 9.683708620407400304e+03
1.953145000000000095e+02 1.118579270055466077e+04
1.956030000000000371e+02 1.119676383715977136e+04
1.958915000000000362e+02 1.045729269061897685e+04
1.961800000000000352e+02 1.123055628055880698e+04
1.964685000000000343e+02 1.185175271457559393e+04
1.967570000000000334e+02 1.073955869261533553e+04
1.970455000000000325e+02 1.215140709695829719e+04
1.973340000000000316e+02 1.170622724038581509e+04
1.976225000000000307e+02 1.275779360083335814e+04
1.979110000000000298e+02 1.242106203356212245e+04
1.981995000000000289e+02 1.083026089372502793e+04
1.984880000000000280e+02 1.838899933481250991e+04
1.987765000000000271e+02 1.689352336691495657e+04
1.990650000000000261e+02 1.772587024851155002e+04
1.993535000000000252e+02 1.047519392394117858e+04
1.996420000000000243e+02 1.220376048306443045e+04
1.999305000000000234e+02 1.137290402631944016e+04
2.002190000000000225e+02 1.257668357347046185e+04
2.005075000000000216e+02 1.139939215577481991e+04
2.007960000000000207e+02 1.069517478559660049e+04
2.010845000000000198e+02 1.160127812010811249e+04
2.013730000000000189e+02 1.113485549757165063e+04
2.016615000000000180e+02 1.090268010298779882e+04
2.019500000000000171e+02 1.259949767965372484e+04
2.022385000000000161e+02 1.059893879621581436e+04
2.025270000000000152e+02 1.047042981443821554e+04
2.028155000000000143e+02 1.072289621660789271e+04
2.031040000000000134e+02 1.125188853442862091e+04
2.033925000000000125e+02 1.027756361214617027e+04
2.036810000000000116e+02 1.049234618506960396e+04
2.039695000000000107e+02 1.051951879000716690e+04
2.042580000000000382e+02 1.151078711564837431e+04
2.045465000000000373e+02 1.135462883838581547e+04
2.048350000000000364e+02 1.081296524991965453e+04
2.051235000000000355e+02 1.297824728019832583e+04
2.054120000000000346e+02 1.256540965974087521e+04
2.057005000000000337e+02 1.135696398915589816e+04
2.059890000000000327e+02 1.097060737427776257e+04
2.062775000000000318e+02 1.179249062243614753e+04
2.065660000000000309e+02 1.177109487233110667e+04
2.068545000000000300e+02 1.462678240550878945e+04
2.071430000000000291e+02 1.283363464306189962e+04
2.074315000000000282e+02 1.408986570336668228e+04
2.077200000000000273e+02 1.083654236243440755e+04
2.080085000000000264e+02 1.338593544253292021e+04
2.082970000000000255e+02 1.200923132427466771e+04
2.085855000000000246e+02 1.238120231526795760e+04
2.088740000000000236e+02 1.138313008322763562e+04
2.091625000000000227e+02 1.516526110074119424e+04
2.094510000000000218e+02 1.433457789987115393e+04
2.097395000000000209e+02 1.319942700096357294e+04
2.100280000000000200e+02 1.360370433532694369e+04
2.103165000000000191e+02 2.307702971361678647e+04
2.106050000000000182e+02 2.570769919292353734e+04
2.108935000000000173e+02 2.062058643984251103e+04
2.111820000000000164e+02 1.796738637619598740e+04
2.114705000000000155e+02 3.689030178379364952e+04
2.117590000000000146e+02 2.520642713740185354e+04
2.120475000000000136e+02 3.953557529113481723e+04
2.123360000000000127e+02 6.660903089619912498e+04
2.126245000000000118e+02 7.784376401937732589e+04
2.129130000000000393e+02 1.185457509559565369e+05
2.132015000000000384e+02 1.226698080780338933e+05
2.134900000000000375e+02 1.066444177854379523e+05
2.137785000000000366e+02 7.011301090613700217e+04
2.140670000000000357e+02 1.108391304900293617e+05
2.143555000000000348e+02 4.804688123874137818e+04
2.146440000000000339e+02 2.580474633706661916e+04
2.149325000000000330e+02 5.016121721190548851e+04
2.152210000000000321e+02 3.717273289424749964e+04
2.155095000000000312e+02 2.273458979346206252e+04
2.157980000000000302e+02 2.645273517990385153e+04
2.160865000000000293e+02 1.482613458612267459e+04
2.163750000000000284e+02 1.880158547519130298e+04
2.166635000000000275e+02 3.115690880264459338e+04
2.169520000000000266e+02 2.394826376100114430e+04
2.172405000000000257e+02 1.439420482498950514e+04
2.175290000000000248e+02 1.478663394428555875e+04
2.178175000000000239e+02 2.137806165756205155e+04
2.181060000000000230e+02 1.736093945006314971e+04
2.183945000000000221e+02 2.208980600708437123e+04
2.186830000000000211e+02 1.580257802051985709e+04
2.189715000000000202e+02 1.564792285540505327e+04
2.192600000000000193e+02 1.803530115632226807e+04
2.195485000000000184e+02 2.622654348127233243e+04
2.198370000000000175e+02 3.686220381834428554e+04
2.201255000000000166e+02 1.868695890485496420e+04
2.204140000000000157e+02 4.059644362177429139e+04
2.207025000000000148e+02 4.499038251795513497e+04
2.209910000000000139e+02 1.519574595094526921e+04
2.212795000000000130e+02 2.334767565488177934e+04
2.215680000000000405e+02 4.457803606462090102e+04
2.218565000000000396e+02 4.897181598906677391e+04
2.221450000000000387e+02 2.590045784135831855e+04
2.224335000000000377e+02 5.445229196022609540e+04
2.227220000000000368e+02 1.369428394566112365e+04
2.230105000000000359e+02 2.621917720649921466e+04
2.232990000000000350e+02 2.621992026651030392e+04
2.235875000000000341e+02 1.301021636374752779e+04
2.238760000000000332e+02 2.167379020281532212e+04
2.241645000000000323e+02 1.303200636799837957e+04
2.244530000000000314e+02 2.237854487962136409e+04
2.247415000000000305e+02 1.074322508550853672e+04
2.250300000000000296e+02 1.248509299599218684e+04
2.253185000000000286e+02 1.195582261503538030e+04
2.256070000000000277e+02 1.156340333949767773e+04
2.258955000000000268e+02 1.122490242931408284e+04
2.261840000000000259e+02 1.059555661087448061e+04
2.264725000000000250e+02 1.161818927426715163e+04
2.267610000000000241e+02 1.186744565818720912e+04
2.270495000000000232e+02 1.068628135442668099e+04
2.273380000000000223e+02 1.252109264946879375e+04
2.276265000000000214e+02 1.152666810509095922e+04
2.279150000000000205e+02 1.481291269315072714e+04
2.282035000000000196e+02 1.072531175510551475e+04
2.284920000000000186e+02 1.140835696407813157e+04
2.287805000000000177e+02 1.229385757914078931e+04
2.290690000000000168e+02 1.203926282912327952e+04
2.293575000000000159e+02 1.342403551402787161e+04
2.296460000000000150e+02 1.276449165630042262e+04
2.299345000000000141e+02 1.098334960215795581e+04
2.302230000000000132e+02 1.032268622080468413e+04
2.305115000000000407e+02 9.452420363193505182e+03
2.308000000000000398e+02 1.082648877577017083e+04
2.310885000000000389e+02 1.020934951473909859e+04
2.313770000000000380e+02 9.847005680356152880e+03
2.316655000000000371e+02 1.069352968994710136e+04
2.319540000000000362e+02 1.099502399428594617e+04
2.322425000000000352e+02 9.794229346841513689e+03
2.325310000000000343e+02 9.152654847966192392e+03
2.328195000000000334e+02 1.055869933864798077e+04
2.331080000000000325e+02 9.511144294817915579e+03
2.333965000000000316e+02 9.216727536631429757e+03
2.336850000000000307e+02 1.164506779353964885e+04
2.339735000000000298e+02 9.696388479810302670e+03
2.342620000000000289e+02 1.039088115860622202e+04
2.345505000000000280e+02 1.278310715125973547e+04
2.348390000000000271e+02 1.166909205758167263e+04
2.351275000000000261e+02 9.940177677274708913e+03
2.354160000000000252e+02 1.208957830875829131e+04
2.357045000000000243e+02 1.079062494549000803e+04
2.359930000000000234e+02 1.036707771552143095e+04
2.362815000000000225e+02 1.089165080598590976e+04
2.365700000000000216e+02 9.655216692055910244e+03
2.368585000000000207e+02 9.624207259035922107e+03
2.371470000000000198e+02 9.853347150870167752e+03
2.374355000000000189e+02 1.055437214533863335e+04
2.377240000000000180e+02 9.996241949592769743e+03
2.380125000000000171e+02 9.222426406364789727e+03
2.383010000000000161e+02 9.162033023830916136e+03
2.385895000000000152e+02 9.408119266208916088e+03
2.388780000000000143e+02 9.475309983612871292e+03
2.391665000000000418e+02 9.016231617329927758e+03
2.394550000000000409e+02 9.925353321813223374e+03
2.397435000000000400e+02 9.312436941403073433e+03
2.400320000000000391e+02 9.236166747392644538e+03
2.403205000000000382e+02 9.141933588510057234e+03
2.406090000000000373e+02 9.268739757910727349e+03
2.408975000000000364e+02 1.006857933620625954e+04
2.411860000000000355e+02 9.806711852721120522e+03
2.414745000000000346e+02 9.754422149551181064e+03
2.417630000000000337e+02 1.144592925358801767e+04
2.420515000000000327e+02 9.966308237623705281e+03
2.423400000000000318e+02 9.861225665532583662e+03
2.426285000000000309e+02 9.923037041992463855e+03
2.429170000000000300e+02 1.023135253177648701e+04
2.432055000000000291e+02 1.211497784631524155e+04
2.434940000000000282e+02 9.492760298447365130e+03
2.437825000000000273e+02 1.031568651490167395e+04
2.440710000000000264e+02 9.481489734716693420e+03
2.443595000000000255e+02 9.742142965681869100e+03
2.446480000000000246e+02 9.781762671226604652e+03
2.449365000000000236e+02 8.740850773991027381e+03
2.452250000000000227e+02 9.887073781336330285e+03
2.455135000000000218e+02 9.550262855265920734e+03
2.458020000000000209e+02 1.033004477798946573e+04
2.460905000000000200e+02 9.386403588422706889e+03
2.463790000000000191e+02 9.304714775816399197e+03
2.466675000000000182e+02 9.869641185016518648e+03
2.469560000000000173e+02 9.579364829728567202e+03
2.472445000000000164e+02 9.953902759900442106e+03
2.475330000000000155e+02 1.088162447787427300e+04
2.478215000000000430e+02 1.132420256246743702e+04
2.481100000000000421e+02 1.859292454921600074e+04
2.483985000000000412e+02 1.966209174246361363e+04
2.486870000000000402e+02 1.878924195746471378e+04
2.489755000000000393e+02 1.014986495793488211e+04
2.492640000000000384e+02 1.015139637955738181e+04
2.495525000000000375e+02 1.099143084775564239e+04
2.498410000000000366e+02 1.027866271911683179e+04
2.501295000000000357e+02 1.047610252116230004e+04
2.504180000000000348e+02 9.913625424369067332e+03
2.507065000000000339e+02 9.168762064421320247e+03
2.509950000000000330e+02 9.188820081139256217e+03
2.512835000000000321e+02 9.063407802404371978e+03
2.515720000000000312e+02 9.476233767962157799e+03
2.518605000000000302e+02 9.155810469301881312e+03
2.521490000000000293e+02 9.137201128250315378e+03
2.524375000000000284e+02 8.934785515308238246e+03
2.527260000000000275e+02 9.745029527965491070e+03
2.530145000000000266e+02 9.435328411491795123e+03
2.533030000000000257e+02 9.256403590141919267e+03
2.535915000000000248e+02 9.190756318423194898e+03
2.538800000000000239e+02 9.213391875419836651e+03
2.541685000000000230e+02 8.953352594048672472e+03
2.544570000000000221e+02 9.080724366366459435e+03
2.547455000000000211e+02 9.781207760938703359e+03
2.550340000000000202e+02 9.498041931743919122e+03
2.553225000000000193e+02 8.895026295462153939e+03
2.556110000000000184e+02 8.716982788184237506e+03
2.558995000000000175e+02 9.342506056734235244e+03
2.561880000000000450e+02 9.005277882857124496e+03
2.564765000000000441e+02 8.803213948993909071e+03
2.567650000000000432e+02 9.383945270596361297e+03
2.570535000000000423e+02 9.618833050712037220e+03
2.573420000000000414e+02 9.238965072531707847e+03
2.576305000000000405e+02 9.388237441353032409e+03
2.579190000000000396e+02 8.724722138640550838e+03
2.582075000000000387e+02 9.289312249085469375e+03
2.584960000000000377e+02 8.693973405857268517e+03
2.587845000000000368e+02 8.791518803272747391e+03
2.590730000000000359e+02 8.330139212607284207e+03
2.593615000000000350e+02 8.972525863052160275e+03
2.596500000000000341e+02 8.956493211426428388e+03
2.599385000000000332e+02 9.274243851865472607e+03
2.602270000000000323e+02 9.152587200543555809e+03
2.605155000000000314e+02 9.161456735249765188e+03
2.608040000000000305e+02 9.079892659140681644e+03
2.610925000000000296e+02 8.994899876847881387e+03
2.613810000000000286e+02 9.593974327578556768e+03
2.616695000000000277e+02 9.209784243631786012e+03
2.619580000000000268e+02 1.041388883679265018e+04
2.622465000000000259e+02 9.657807779587628829e+03
2.625350000000000250e+02 8.794453789486364258e+03
2.628235000000000241e+02 1.289533818721984971e+04
2.631120000000000232e+02 1.371392716235942680e+04
2.634005000000000223e+02 9.927747750491667830e+03
2.636890000000000214e+02 9.523610787544301274e+03
2.639775000000000205e+02 9.987361674353025592e+03
2.642660000000000196e+02 1.010322146459049873e+04
2.645545000000000186e+02 9.928333658883941098e+03
2.648430000000000177e+02 9.585671687359332282e+03
2.651315000000000168e+02 9.341528474001270297e+03
2.654200000000000159e+02 9.222764520877592076e+03
2.657085000000000150e+02 8.184437271988870634e+03
2.659970000000000141e+02 8.827962281846022961e+03
2.662855000000000132e+02 9.332637929630374856e+03
2.665740000000000123e+02 9.890683622460546758e+03
2.668625000000000114e+02 9.424839054593900073e+03
2.671510000000000105e+02 8.940772746743499738e+03
2.674395000000000095e+02 9.618918827191930177e+03
2.677280000000000086e+02 9.709623402315639396e+03
2.680165000000000077e+02 9.323083420899294651e+03
2.683050000000000068e+02 9.879323896983440136e+03
2.685935000000000059e+02 8.768375465535680632e+03
2.688820000000000050e+02 9.523675738292486130e+03
2.691705000000000041e+02 9.870275035309690793e+03
2.694590000000000600e+02 9.507437745947137955e+03
2.697475000000000591e+02 1.157513056900489210e+04
2.700360000000000582e+02 1.128734633847463192e+04
2.703245000000000573e+02 1.031497338696739098e+04
2.706130000000000564e+02 9.789955402776904521e+03
2.709015000000000555e+02 9.261179035730545365e+03
2.711900000000000546e+02 9.433215553482603354e+03
2.714785000000000537e+02 1.127979614992013012e+04
2.717670000000000528e+02 9.617740298806134888e+03
2.720555000000000518e+02 1.000248450946934099e+04
2.723440000000000509e+02 9.765170154639856264e+03
2.726325000000000500e+02 8.884928695653026807e+03
2.729210000000000491e+02 9.687274916511703850e+03
2.732095000000000482e+02 1.008935748875318677e+04
2.734980000000000473e+02 9.845336965123040500e+03
2.737865000000000464e+02 1.018011320147950391e+04
2.740750000000000455e+02 1.050153984877763287e+04
2.743635000000000446e+02 9.148441186688502057e+03
2.746520000000000437e+02 8.860475453665385430e+03
2.749405000000000427e+02 1.033243818006921720e+04
2.752290000000000418e+02 9.723455878975601081e+03
2.755175000000000409e+02 9.840789617463502509e+03
2.758060000000000400e+02 9.986834083410125459e+03
2.760945000000000391e+02 1.033474017742320575e+04
2.763830000000000382e+02 1.038956545639148862e+04
2.766715000000000373e+02 1.180930367803696026e+04
2.769600000000000364e+02 1.166277748540106222e+04
2.772485000000000355e+02 1.124795262147553876e+04
2.775370000000000346e+02 1.114896220636287944e+04
2.778255000000000337e+02 1.212096693489401514e+04
2.781140000000000327e+02 1.173377621491037098e+04
2.784025000000000318e+02 1.291660978721024003e+04
2.786910000000000309e+02 1.550414511764281633e+04
2.789795000000000300e+02 1.395770384374826426e+04
2.792680000000000291e+02 1.083724482291150889e+04
2.795565000000000282e+02 1.087373223552347190e+04
2.798450000000000273e+02 1.255558455562736344e+04
2.801335000000000264e+02 1.178388542648360817e+04
2.804220000000000255e+02 1.191056868136560843e+04
2.807105000000000246e+02 1.151546885329661382e+04
2.809990000000000236e+02 1.079207878329430423e+04
2.812875000000000227e+02 1.545050233125871091e+04
2.815760000000000218e+02 1.899754310111292580e+04
2.818645000000000209e+02 1.141336594505113862e+04
2.821530000000000200e+02 2.067584454007551176e+04
2.824415000000000191e+02 1.332277872307918915e+04
2.827300000000000182e+02 4.417363759566551016e+04
2.830185000000000173e+02 1.749539796778363961e+04
2.833070000000000164e+02 5.940328121501191345e+04
2.835955000000000155e+02 2.803142828401939914e+04
2.838840000000000146e+02 1.752876593230638537e+04
2.841725000000000136e+02 1.174476520099569461e+05
2.844610000000000127e+02 5.447430759187279909e+04
2.847495000000000118e+02 3.088178171729813766e+04
2.850380000000000109e+02 5.554823470058824751e+04
2.853265000000000100e+02 6.013413441135975881e+04
2.856150000000000091e+02 5.037174154720245133e+04
2.859035000000000082e+02 4.259710661143386824e+04
2.861920000000000073e+02 1.457644371756615146e+04
2.864805000000000064e+02 1.774389065729346839e+04
2.867690000000000623e+02 2.355166731886194975e+04
2.870575000000000614e+02 1.442257101596970278e+04
2.873460000000000605e+02 1.442875826719287943e+04
2.876345000000000596e+02 1.847034738751298210e+04
2.879230000000000587e+02 1.879750096367685910e+04
2.882115000000000578e+02 2.185154306934136912e+04
2.885000000000000568e+02 1.564828624999999920e+04
