3.484999999999999765e-01 7.708200999448589282e+05
6.969999999999999529e-01 4.359280852773407241e+05
1.045499999999999874e+00 3.276781069441423751e+05
1.393999999999999906e+00 2.217161057402375736e+05
1.742499999999999938e+00 1.810582226263606572e+05
2.090999999999999748e+00 1.494689168728233490e+05
2.439499999999999780e+00 1.293363018486495712e+05
2.787999999999999812e+00 1.109316608281034714e+05
3.136499999999999844e+00 9.598546205230373016e+04
3.484999999999999876e+00 9.203948788550142490e+04
3.833499999999999908e+00 7.573779987858397362e+04
4.181999999999999496e+00 7.003370142598279926e+04
4.530499999999999972e+00 7.925595916508739174e+04
4.878999999999999559e+00 6.305061906914351130e+04
5.227500000000000036e+00 5.593433093256695429e+04
5.575999999999999623e+00 6.266384548718178849e+04
5.924499999999999211e+00 5.813735148635468067e+04
6.272999999999999687e+00 4.595841397492124088e+04
6.621499999999999275e+00 4.429406197422216792e+04
6.969999999999999751e+00 4.011964669803333527e+04
7.318499999999999339e+00 4.031650321860462282e+04
7.666999999999999815e+00 4.710353679020792333e+04
8.015499999999999403e+00 4.599307859152615129e+04
8.363999999999998991e+00 3.844357999168132665e+04
8.712499999999998579e+00 3.916955677234341420e+04
9.060999999999999943e+00 3.572252291127574426e+04
9.409499999999999531e+00 3.244384764193925366e+04
9.757999999999999119e+00 3.411273954582875740e+04
1.010649999999999871e+01 3.039448228246067447e+04
1.045500000000000007e+01 2.829946521055684207e+04
1.080349999999999966e+01 3.208358935790194300e+04
1.115199999999999925e+01 3.192164045106079720e+04
1.150049999999999883e+01 2.710911491432547336e+04
1.184899999999999842e+01 2.582678876720397966e+04
1.219749999999999979e+01 3.054238071544060949e+04
1.254599999999999937e+01 3.363405644560244400e+04
1.289449999999999896e+01 3.260048332914968705e+04
1.324299999999999855e+01 2.958404084388220508e+04
1.359149999999999991e+01 2.934948904039873378e+04
1.393999999999999950e+01 2.800993871589228365e+04
1.428849999999999909e+01 2.777972669992610099e+04
1.463699999999999868e+01 2.582486583998019705e+04
1.498549999999999827e+01 2.880239982909489845e+04
1.533399999999999963e+01 2.635887144053678276e+04
1.568249999999999922e+01 2.538953679325139456e+04
1.603099999999999881e+01 2.764738661413763475e+04
1.637950000000000017e+01 2.522219852557618651e+04
1.672799999999999798e+01 2.314546972978805206e+04
1.707649999999999935e+01 2.455516029506460109e+04
1.742499999999999716e+01 2.166638316932406087e+04
1.777349999999999852e+01 2.343398078513139262e+04
1.812199999999999989e+01 2.190700331517765517e+04
1.847049999999999770e+01 2.339952251381872338e+04
1.881899999999999906e+01 2.257752883919275700e+04
1.916750000000000043e+01 2.246951342021384698e+04
1.951599999999999824e+01 2.252947417132449846e+04
1.986449999999999960e+01 2.529701776213304038e+04
2.021299999999999741e+01 2.475686365813031443e+04
2.056149999999999878e+01 2.528531608056685582e+04
2.091000000000000014e+01 2.298898776021277808e+04
2.125849999999999795e+01 2.366128060877529060e+04
2.160699999999999932e+01 2.354187328427812463e+04
2.195549999999999713e+01 2.405901713372044105e+04
2.230399999999999849e+01 2.313993516803340026e+04
2.265249999999999986e+01 2.428272437959132731e+04
2.300099999999999767e+01 2.506206451189069776e+04
2.334949999999999903e+01 2.644179620196418182e+04
2.369799999999999685e+01 2.417547360730209766e+04
2.404649999999999821e+01 2.549295154247870960e+04
2.439499999999999957e+01 2.563574965868853178e+04
2.474349999999999739e+01 2.919608968522493160e+04
2.509199999999999875e+01 3.057439296905777883e+04
2.544049999999999656e+01 3.497865856579442334e+04
2.578899999999999793e+01 3.246760697654211981e+04
2.613749999999999929e+01 3.223133948515054362e+04
2.648599999999999710e+01 3.101589995809544052e+04
2.683449999999999847e+01 3.348673010797324241e+04
2.718299999999999983e+01 2.861074239337275139e+04
2.753149999999999764e+01 2.867656595342418950e+04
2.787999999999999901e+01 2.841969249118737571e+04
2.822849999999999682e+01 2.281581774057964503e+04
2.857699999999999818e+01 2.595198087423213292e+04
2.892549999999999955e+01 2.690379299494704173e+04
2.927399999999999736e+01 2.479686225124519115e+04
2.962249999999999872e+01 2.467369244136386624e+04
2.997099999999999653e+01 2.392694709860964213e+04
3.031949999999999790e+01 2.223889266336022047e+04
3.066799999999999926e+01 2.307382459254389323e+04
3.101649999999999707e+01 2.535855421725703854e+04
3.136499999999999844e+01 2.460213212993250272e+04
3.171349999999999625e+01 2.319384617263186738e+04
3.206199999999999761e+01 2.276654910270431719e+04
3.241049999999999898e+01 2.305559307191410699e+04
3.275900000000000034e+01 2.409553789393233819e+04
3.310749999999999460e+01 2.648866919330981909e+04
3.345599999999999596e+01 2.346218397322479359e+04
3.380449999999999733e+01 2.619068648137754280e+04
3.415299999999999869e+01 2.514252011817953462e+04
3.450150000000000006e+01 2.207441635928429605e+04
3.484999999999999432e+01 2.711450680826449025e+04
3.519849999999999568e+01 2.620922928576491540e+04
3.554699999999999704e+01 2.582093573010364707e+04
3.589549999999999841e+01 2.798933862912383483e+04
3.624399999999999977e+01 2.586227584409479459e+04
3.659249999999999403e+01 2.583824553063093481e+04
3.694099999999999540e+01 2.548120382623657497e+04
3.728949999999999676e+01 2.956699185695229608e+04
3.763799999999999812e+01 3.020691555082751438e+04
3.798649999999999949e+01 2.755446232073322608e+04
3.833500000000000085e+01 3.154758070558100007e+04
3.868349999999999511e+01 2.976221135667770432e+04
3.903199999999999648e+01 3.346340619104239158e+04
3.938049999999999784e+01 3.438331843059579842e+04
3.972899999999999920e+01 3.630829483782156603e+04
4.007750000000000057e+01 3.277273529926147603e+04
4.042599999999999483e+01 5.113330873826296011e+04
4.077449999999999619e+01 5.150525195360364887e+04
4.112299999999999756e+01 6.391144954748674354e+04
4.147149999999999892e+01 8.731148464027135924e+04
4.182000000000000028e+01 7.783418701857558335e+04
4.216849999999999454e+01 2.554164841354854871e+05
4.251699999999999591e+01 2.235057065954097779e+05
4.286549999999999727e+01 1.105275915157196578e+05
4.321399999999999864e+01 7.456431045474001439e+04
4.356250000000000000e+01 5.754596331835505407e+04
4.391099999999999426e+01 6.029159694890929677e+04
4.425949999999999562e+01 3.655446967833041708e+04
4.460799999999999699e+01 3.363160533595203015e+04
4.495649999999999835e+01 3.718445364820466057e+04
4.530499999999999972e+01 3.453252628656404704e+04
4.565349999999999397e+01 3.381749120790121378e+04
4.600199999999999534e+01 4.164906148291359568e+04
4.635049999999999670e+01 4.028202177531718189e+04
4.669899999999999807e+01 5.587236175377728796e+04
4.704749999999999943e+01 4.129558301611748175e+04
4.739599999999999369e+01 2.935833647050624131e+04
4.774449999999999505e+01 2.958340285174419114e+04
4.809299999999999642e+01 3.189044747021184594e+04
4.844149999999999778e+01 3.341147443656035466e+04
4.878999999999999915e+01 2.765626367474592553e+04
4.913849999999999341e+01 2.634107005817130994e+04
4.948699999999999477e+01 2.785082017575148348e+04
4.983549999999999613e+01 2.715282857471055104e+04
5.018399999999999750e+01 2.697262405188183038e+04
5.053249999999999886e+01 3.476296609416112915e+04
5.088099999999999312e+01 2.958808357334095490e+04
5.122949999999999449e+01 3.246900789398052802e+04
5.157799999999999585e+01 2.536673840808232490e+04
5.192649999999999721e+01 2.128074786607443457e+04
5.227499999999999858e+01 2.429664164530104608e+04
5.262349999999999994e+01 2.483093324542625851e+04
5.297199999999999420e+01 2.245520523139934448e+04
5.332049999999999557e+01 2.259057283257510062e+04
5.366899999999999693e+01 2.305857907629626061e+04
5.401749999999999829e+01 2.321398163324176494e+04
5.436599999999999966e+01 2.122255546672277706e+04
5.471449999999999392e+01 2.020804055757024253e+04
5.506299999999999528e+01 2.380029237452866073e+04
5.541149999999999665e+01 2.057960365296660893e+04
5.575999999999999801e+01 1.953720685800197316e+04
5.610849999999999937e+01 2.080341088837853022e+04
5.645699999999999363e+01 2.063414496278485603e+04
5.680549999999999500e+01 2.507694768780385493e+04
5.715399999999999636e+01 1.874811238215338017e+04
5.750249999999999773e+01 1.915850831443028801e+04
5.785099999999999909e+01 1.782489003066782971e+04
5.819949999999999335e+01 1.814635624858149458e+04
5.854799999999999471e+01 1.881431772237952464e+04
5.889649999999999608e+01 1.735234281703895249e+04
5.924499999999999744e+01 1.754889753097915309e+04
5.959349999999999881e+01 2.027480628210499708e+04
5.994199999999999307e+01 1.701137770984707095e+04
6.029049999999999443e+01 1.690321672662400670e+04
6.063899999999999579e+01 1.723238031802149999e+04
6.098749999999999716e+01 1.810991087142718243e+04
6.133599999999999852e+01 1.716960184637339989e+04
6.168449999999999278e+01 1.673625510228915664e+04
6.203299999999999415e+01 1.707705562857122641e+04
6.238149999999999551e+01 1.724228562105950914e+04
6.272999999999999687e+01 1.703997396787364050e+04
6.307849999999999824e+01 1.690445745464528954e+04
6.342699999999999250e+01 1.613711302993058598e+04
6.377549999999999386e+01 1.713472793152882150e+04
6.412399999999999523e+01 1.720043974623909526e+04
6.447249999999999659e+01 1.592056675337266643e+04
6.482099999999999795e+01 1.661319144358310587e+04
6.516949999999999932e+01 1.767587418544965840e+04
6.551800000000000068e+01 1.664539089354526004e+04
6.586650000000000205e+01 1.562730675735092154e+04
6.621499999999998920e+01 1.507310802064746167e+04
6.656349999999999056e+01 1.640848028503474416e+04
6.691199999999999193e+01 1.513376621256910221e+04
6.726049999999999329e+01 1.661893110450686072e+04
6.760899999999999466e+01 1.614562558444836577e+04
6.795749999999999602e+01 1.609721418928067396e+04
6.830599999999999739e+01 1.671248452402733892e+04
6.865449999999999875e+01 1.773768776834900200e+04
6.900300000000000011e+01 1.496585411174580258e+04
6.935150000000000148e+01 1.614710460395681548e+04
6.969999999999998863e+01 1.748325591058401915e+04
7.004849999999999000e+01 1.701124188034294639e+04
7.039699999999999136e+01 1.649568471548653542e+04
7.074549999999999272e+01 1.690796040867647389e+04
7.109399999999999409e+01 1.733870000768149112e+04
7.144249999999999545e+01 1.734948671471266425e+04
7.179099999999999682e+01 1.628043952070648993e+04
7.213949999999999818e+01 1.545762128172682242e+04
7.248799999999999955e+01 1.774731333160318172e+04
7.283650000000000091e+01 1.706982901699042122e+04
7.318499999999998806e+01 1.714944903807009905e+04
7.353349999999998943e+01 1.672047404135292163e+04
7.388199999999999079e+01 1.593877387773512783e+04
7.423049999999999216e+01 1.848477548750376445e+04
7.457899999999999352e+01 1.770816198030409942e+04
7.492749999999999488e+01 1.643787205532397638e+04
7.527599999999999625e+01 1.736623192254272362e+04
7.562449999999999761e+01 1.863403354661283447e+04
7.597299999999999898e+01 1.815147252063568885e+04
7.632150000000000034e+01 1.964946700779071762e+04
7.667000000000000171e+01 1.987182012817726354e+04
7.701849999999998886e+01 2.100302727969490297e+04
7.736699999999999022e+01 2.113500229564556139e+04
7.771549999999999159e+01 2.191995128910085623e+04
7.806399999999999295e+01 2.212235345054605932e+04
7.841249999999999432e+01 1.916088139717944432e+04
7.876099999999999568e+01 1.890852315360717694e+04
7.910949999999999704e+01 1.970110990335571478e+04
7.945799999999999841e+01 2.070863105634666499e+04
7.980649999999999977e+01 2.123568875204244978e+04
8.015500000000000114e+01 2.325339779761860700e+04
8.050349999999998829e+01 2.280620523550215876e+04
8.085199999999998965e+01 2.329532495021280192e+04
8.120049999999999102e+01 2.228836341263225768e+04
8.154899999999999238e+01 2.253051606442470074e+04
8.189749999999999375e+01 2.192436234709832206e+04
8.224599999999999511e+01 3.135652302658327972e+04
8.259449999999999648e+01 3.265093085197006076e+04
8.294299999999999784e+01 3.658201365026349231e+04
8.329149999999999920e+01 3.026240170327723536e+04
8.364000000000000057e+01 3.648017799150694918e+04
8.398849999999998772e+01 8.185145605129911564e+04
8.433699999999998909e+01 7.862315478585712845e+04
8.468549999999999045e+01 1.728517437110735336e+05
8.503399999999999181e+01 6.457467703314984101e+04
8.538249999999999318e+01 7.228379158205169369e+04
8.573099999999999454e+01 4.015707664925885183e+04
8.607949999999999591e+01 3.738316433425842843e+04
8.642799999999999727e+01 6.682444565479268203e+04
8.677649999999999864e+01 2.717192086811960326e+04
8.712500000000000000e+01 2.781936148214984132e+04
8.747349999999998715e+01 2.843384052951785634e+04
8.782199999999998852e+01 2.941892094538484889e+04
8.817049999999998988e+01 2.538682084988052156e+04
8.851899999999999125e+01 3.779612823331924301e+04
8.886749999999999261e+01 3.348203525248574442e+04
8.921599999999999397e+01 3.691498432822358882e+04
8.956449999999999534e+01 2.259914754010843171e+04
8.991299999999999670e+01 2.822161346291204973e+04
9.026149999999999807e+01 2.422573843896479957e+04
9.060999999999999943e+01 2.431370599163742008e+04
9.095850000000000080e+01 1.933216800785199666e+04
9.130699999999998795e+01 1.676307218608059338e+04
9.165549999999998931e+01 2.007947592783020809e+04
9.200399999999999068e+01 1.985674799292148964e+04
9.235249999999999204e+01 1.926510641646604199e+04
9.270099999999999341e+01 1.802191418643023280e+04
9.304949999999999477e+01 2.075232548228619635e+04
9.339799999999999613e+01 1.908034097070208009e+04
9.374649999999999750e+01 1.595948780575060664e+04
9.409499999999999886e+01 1.556423569871993459e+04
9.444350000000000023e+01 1.612578719566405562e+04
9.479199999999998738e+01 1.576260790921089756e+04
9.514049999999998875e+01 1.564306958654811933e+04
9.548899999999999011e+01 1.628546718326208065e+04
9.583749999999999147e+01 1.641243495774771873e+04
9.618599999999999284e+01 1.630173474599493056e+04
9.653449999999999420e+01 1.640290469187562849e+04
9.688299999999999557e+01 1.668790407001227140e+04
9.723149999999999693e+01 1.562735143188900292e+04
9.757999999999999829e+01 1.706299605797188997e+04
9.792849999999999966e+01 1.525647857402986847e+04
9.827699999999998681e+01 1.520897375550471770e+04
9.862549999999998818e+01 1.414836098746320386e+04
9.897399999999998954e+01 1.451122971041563142e+04
9.932249999999999091e+01 1.407485679376349981e+04
9.967099999999999227e+01 1.506737573437225365e+04
1.000194999999999936e+02 1.541376907109455169e+04
1.003679999999999950e+02 1.428618418251657931e+04
1.007164999999999964e+02 1.646498174724818455e+04
1.010649999999999977e+02 1.463957280683627141e+04
1.014134999999999991e+02 1.583455936684196968e+04
1.017619999999999862e+02 1.683174305973603987e+04
1.021104999999999876e+02 1.636322295815074176e+04
1.024589999999999890e+02 1.470646121898864476e+04
1.028074999999999903e+02 1.562386257707126424e+04
1.031559999999999917e+02 1.501490742304882042e+04
1.035044999999999931e+02 1.568581651097946633e+04
1.038529999999999944e+02 1.308405060969522310e+04
1.042014999999999958e+02 1.489975506852070794e+04
1.045499999999999972e+02 1.469633293147878612e+04
1.048984999999999985e+02 1.500049692944032540e+04
1.052469999999999999e+02 1.608852853877285997e+04
1.055954999999999870e+02 1.575895197684158848e+04
1.059439999999999884e+02 1.390967742134525906e+04
1.062924999999999898e+02 1.504123979520806824e+04
1.066409999999999911e+02 1.559800082977772581e+04
1.069894999999999925e+02 1.407169573237981240e+04
1.073379999999999939e+02 1.523649386763142866e+04
1.076864999999999952e+02 1.584686582803666897e+04
1.080349999999999966e+02 1.483619400093973672e+04
1.083834999999999980e+02 1.369891292164913466e+04
1.087319999999999993e+02 1.333776339981525780e+04
1.090804999999999865e+02 1.375722733474844608e+04
1.094289999999999878e+02 1.409487747014568959e+04
1.097774999999999892e+02 1.530119307982744795e+04
1.101259999999999906e+02 1.372944761245856716e+04
1.104744999999999919e+02 1.457903562129713464e+04
1.108229999999999933e+02 1.315658273227149948e+04
1.111714999999999947e+02 1.447084320451209896e+04
1.115199999999999960e+02 1.370489931246548076e+04
1.118684999999999974e+02 1.322626734080936149e+04
1.122169999999999987e+02 1.415244820093259113e+04
1.125654999999999859e+02 1.358411365493718222e+04
1.129139999999999873e+02 1.361036057347975111e+04
1.132624999999999886e+02 1.641141454763331058e+04
1.136109999999999900e+02 1.427717369241902634e+04
1.139594999999999914e+02 1.340942012972974590e+04
1.143079999999999927e+02 1.365824582661600834e+04
1.146564999999999941e+02 1.225181258413651813e+04
1.150049999999999955e+02 1.326433042190491688e+04
1.153534999999999968e+02 1.313334286687768326e+04
1.157019999999999982e+02 1.256142750922732557e+04
1.160504999999999853e+02 1.298133680731958157e+04
1.163989999999999867e+02 1.297791668714239859e+04
1.167474999999999881e+02 1.275205376111316582e+04
1.170959999999999894e+02 1.287077013074317074e+04
1.174444999999999908e+02 1.233202656494356961e+04
1.177929999999999922e+02 1.315136722710775575e+04
1.181414999999999935e+02 1.319112269138504780e+04
1.184899999999999949e+02 1.280439280538122512e+04
1.188384999999999962e+02 1.430507700256923999e+04
1.191869999999999976e+02 1.395484626321987525e+04
1.195354999999999990e+02 1.349607800025538018e+04
1.198839999999999861e+02 1.370509411897087011e+04
1.202324999999999875e+02 1.329155503169748226e+04
1.205809999999999889e+02 1.376114920508887008e+04
1.209294999999999902e+02 1.358798475593322473e+04
1.212779999999999916e+02 1.374033654813011708e+04
1.216264999999999930e+02 1.532564166731817204e+04
1.219749999999999943e+02 1.343075826274878455e+04
1.223234999999999957e+02 1.469033368743427854e+04
1.226719999999999970e+02 1.333927012334543724e+04
1.230204999999999984e+02 1.391937628636748923e+04
1.233689999999999856e+02 1.535905762242588935e+04
1.237174999999999869e+02 1.498701056900382900e+04
1.240659999999999883e+02 1.547097646135468312e+04
1.244144999999999897e+02 1.530082606785920507e+04
1.247629999999999910e+02 2.218322945502319999e+04
1.251114999999999924e+02 1.973641795875566459e+04
1.254599999999999937e+02 1.966606337309636365e+04
1.258084999999999951e+02 2.082281584638484128e+04
1.261569999999999965e+02 2.897849482592262939e+04
1.265054999999999978e+02 2.935866771581521243e+04
1.268539999999999850e+02 4.500661885089393036e+04
1.272024999999999864e+02 4.579926864954917255e+04
1.275509999999999877e+02 2.951955820676830626e+04
1.278994999999999891e+02 2.484368517206887918e+04
1.282479999999999905e+02 2.036458899778695195e+04
1.285964999999999918e+02 2.633379580533018088e+04
1.289449999999999932e+02 3.273458651207777802e+04
1.292934999999999945e+02 2.203097624270747110e+04
1.296419999999999959e+02 1.777312261210139695e+04
1.299904999999999973e+02 1.684766646551970916e+04
1.303389999999999986e+02 1.973644972781565957e+04
1.306875000000000000e+02 2.112250643158101957e+04
1.310360000000000014e+02 1.710975173847478072e+04
1.313845000000000027e+02 1.894498378966854943e+04
1.317330000000000041e+02 1.761830817476663651e+04
1.320814999999999770e+02 1.595686873959950208e+04
1.324299999999999784e+02 1.588832950442476613e+04
1.327784999999999798e+02 1.653551060134825821e+04
1.331269999999999811e+02 1.490388263335981719e+04
1.334754999999999825e+02 1.180498168217452803e+04
1.338239999999999839e+02 1.389186717515744022e+04
1.341724999999999852e+02 1.414589624008344981e+04
1.345209999999999866e+02 1.210012577808454080e+04
1.348694999999999879e+02 1.276969410236267504e+04
1.352179999999999893e+02 1.318953407823418638e+04
1.355664999999999907e+02 1.225022277248340833e+04
1.359149999999999920e+02 1.310488652576972345e+04
1.362634999999999934e+02 1.148528630539049482e+04
1.366119999999999948e+02 1.240203398895193277e+04
1.369604999999999961e+02 1.195477090360371949e+04
1.373089999999999975e+02 1.126109336469618938e+04
1.376574999999999989e+02 1.239950299879303384e+04
1.380060000000000002e+02 1.168481388985474405e+04
1.383545000000000016e+02 1.173239665702375532e+04
1.387030000000000030e+02 1.153204236008078988e+04
1.390515000000000043e+02 1.163209957714097254e+04
1.393999999999999773e+02 1.170985477148017344e+04
1.397484999999999786e+02 1.163392851225691447e+04
1.400969999999999800e+02 1.228373930644279062e+04
1.404454999999999814e+02 1.171364761439391805e+04
1.407939999999999827e+02 1.084059063598899593e+04
1.411424999999999841e+02 1.073325767006161732e+04
1.414909999999999854e+02 1.118907279290408223e+04
1.418394999999999868e+02 1.075390890027600108e+04
1.421879999999999882e+02 1.104239536431227498e+04
1.425364999999999895e+02 1.085512828960511797e+04
1.428849999999999909e+02 1.152310654432057527e+04
1.432334999999999923e+02 1.052027774684276301e+04
1.435819999999999936e+02 1.082015694114465077e+04
1.439304999999999950e+02 1.109652901612024289e+04
1.442789999999999964e+02 1.174193261397248716e+04
1.446274999999999977e+02 1.048090132397719208e+04
1.449759999999999991e+02 1.065963195304467627e+04
1.453245000000000005e+02 1.111514266456586847e+04
1.456730000000000018e+02 1.161457097230216459e+04
1.460215000000000032e+02 1.156141980769655311e+04
1.463699999999999761e+02 1.042920107109785749e+04
1.467184999999999775e+02 1.088678941154736276e+04
1.470669999999999789e+02 1.118882378572341622e+04
1.474154999999999802e+02 1.157497892037269958e+04
1.477639999999999816e+02 1.215528223383006844e+04
1.481124999999999829e+02 1.147311567325799297e+04
1.484609999999999843e+02 1.072246552234839146e+04
1.488094999999999857e+02 1.105899246679050520e+04
1.491579999999999870e+02 1.053594869245998416e+04
1.495064999999999884e+02 1.095376088474915014e+04
1.498549999999999898e+02 1.199726748095834591e+04
1.502034999999999911e+02 1.147493208483294075e+04
1.505519999999999925e+02 1.081639024528690607e+04
1.509004999999999939e+02 1.089587441116234186e+04
1.512489999999999952e+02 1.093505131325640650e+04
1.515974999999999966e+02 1.131278886054182658e+04
1.519459999999999980e+02 1.277142703192118461e+04
1.522944999999999993e+02 1.128409685202775290e+04
1.526430000000000007e+02 1.097639688415435739e+04
1.529915000000000020e+02 1.102130423229681219e+04
1.533400000000000034e+02 1.036121428099015975e+04
1.536884999999999764e+02 1.111078682124138504e+04
1.540369999999999777e+02 1.112247872777568409e+04
1.543854999999999791e+02 1.165015544681684878e+04
1.547339999999999804e+02 1.139373158897566645e+04
1.550824999999999818e+02 1.114895076718494784e+04
1.554309999999999832e+02 1.063888709214719893e+04
1.557794999999999845e+02 1.070091507619709591e+04
1.561279999999999859e+02 1.048653484644249329e+04
1.564764999999999873e+02 1.062709269653652336e+04
1.568249999999999886e+02 9.970747118779403536e+03
1.571734999999999900e+02 1.042562098980163319e+04
1.575219999999999914e+02 1.032698526549924100e+04
1.578704999999999927e+02 9.949280321411481054e+03
1.582189999999999941e+02 1.051465223525183319e+04
1.585674999999999955e+02 1.100486266333277126e+04
1.589159999999999968e+02 1.035625721540865743e+04
1.592644999999999982e+02 1.056923742544009838e+04
1.596129999999999995e+02 1.105968097843638316e+04
1.599615000000000009e+02 9.770152803120250610e+03
1.603100000000000023e+02 1.070167903672299508e+04
1.606584999999999752e+02 1.007263855542712736e+04
1.610069999999999766e+02 1.060172203237205213e+04
1.613554999999999779e+02 1.024118780852731834e+04
1.617039999999999793e+02 9.712192199407974840e+03
1.620524999999999807e+02 1.019742874461122847e+04
1.624009999999999820e+02 1.039225243767159736e+04
1.627494999999999834e+02 1.091201998307166832e+04
1.630979999999999848e+02 1.153173951442647558e+04
1.634464999999999861e+02 1.056998021917237747e+04
1.637949999999999875e+02 1.036012055339155268e+04
1.641434999999999889e+02 1.159686336278963790e+04
1.644919999999999902e+02 1.102705962677885145e+04
1.648404999999999916e+02 1.109661285887365375e+04
1.651889999999999930e+02 1.039712088061102077e+04
1.655374999999999943e+02 1.256736508317981497e+04
1.658859999999999957e+02 1.225589136652141133e+04
1.662344999999999970e+02 1.132885786838349486e+04
1.665829999999999984e+02 1.182363001426804658e+04
1.669314999999999998e+02 1.436411481373381139e+04
1.672800000000000011e+02 1.735372702624362864e+04
1.676285000000000025e+02 1.258389534365796317e+04
1.679769999999999754e+02 1.394510172466177937e+04
1.683254999999999768e+02 1.311494751469289076e+04
1.686739999999999782e+02 1.720971516001784403e+04
1.690224999999999795e+02 2.000071810181087494e+04
1.693709999999999809e+02 2.707167629445913190e+04
1.697194999999999823e+02 1.652398505475268030e+04
1.700679999999999836e+02 2.201218326288581011e+04
1.704164999999999850e+02 1.542393167424896455e+04
1.707649999999999864e+02 1.726625703690759110e+04
1.711134999999999877e+02 2.296419478862365213e+04
1.714619999999999891e+02 1.590800209871021070e+04
1.718104999999999905e+02 1.916188957144034066e+04
1.721589999999999918e+02 1.488585275433308925e+04
1.725074999999999932e+02 1.255465656740728809e+04
1.728559999999999945e+02 1.564863264855821762e+04
1.732044999999999959e+02 1.548576315903816976e+04
1.735529999999999973e+02 1.356219913745298254e+04
1.739014999999999986e+02 1.442779214029742252e+04
1.742500000000000000e+02 1.205912812421793933e+04
1.745985000000000014e+02 1.322231342892197245e+04
1.749469999999999743e+02 1.255253628749515337e+04
1.752954999999999757e+02 1.471982786729471263e+04
1.756439999999999770e+02 1.164760897272582770e+04
1.759924999999999784e+02 1.049231230131009579e+04
1.763409999999999798e+02 1.278770635717981349e+04
1.766894999999999811e+02 1.040459428960281002e+04
1.770379999999999825e+02 1.035330465908881888e+04
1.773864999999999839e+02 1.023629173552047541e+04
1.777349999999999852e+02 1.073551094698081033e+04
1.780834999999999866e+02 1.035097088840928700e+04
1.784319999999999879e+02 1.036291318536890503e+04
1.787804999999999893e+02 9.862332039444039765e+03
1.791289999999999907e+02 9.530306260310191647e+03
1.794774999999999920e+02 1.114023278614893206e+04
1.798259999999999934e+02 1.013752715130615616e+04
1.801744999999999948e+02 9.794586633250062732e+03
1.805229999999999961e+02 9.715358977065272484e+03
1.808714999999999975e+02 1.029721054086117329e+04
1.812199999999999989e+02 9.741434293344991602e+03
1.815685000000000002e+02 9.532159274196039405e+03
1.819170000000000016e+02 8.670097348999062888e+03
1.822654999999999745e+02 9.847445179554786591e+03
1.826139999999999759e+02 9.404385181473633565e+03
1.829624999999999773e+02 9.710451179194367796e+03
1.833109999999999786e+02 9.165033632873002716e+03
1.836594999999999800e+02 8.787483097944936162e+03
1.840079999999999814e+02 8.909859751615913410e+03
1.843564999999999827e+02 8.983558302005989390e+03
1.847049999999999841e+02 8.673148204969980725e+03
1.850534999999999854e+02 8.963031619166640667e+03
1.854019999999999868e+02 9.030561009310382360e+03
1.857504999999999882e+02 9.039994982455920763e+03
1.860989999999999895e+02 9.268936772467393894e+03
1.864474999999999909e+02 9.090984083192057369e+03
1.867959999999999923e+02 8.642256825743515947e+03
1.871444999999999936e+02 8.738512040179257383e+03
1.874929999999999950e+02 9.015572489243402742e+03
1.878414999999999964e+02 8.821856943810036682e+03
1.881899999999999977e+02 9.250864807839434434e+03
1.885384999999999991e+02 8.916651713375273175e+03
1.888870000000000005e+02 8.975195382998894274e+03
1.892354999999999734e+02 9.591966335327604611e+03
1.895839999999999748e+02 8.588049171127200680e+03
1.899324999999999761e+02 9.144222700007647290e+03
1.902809999999999775e+02 9.253051874008840969e+03
1.906294999999999789e+02 8.805227894221006864e+03
1.909779999999999802e+02 8.565018685124412514e+03
1.913264999999999816e+02 8.195774728290562052e+03
1.916749999999999829e+02 8.867365995932043006e+03
1.920234999999999843e+02 8.885449284956361225e+03
1.923719999999999857e+02 8.397298660165082765e+03
1.927204999999999870e+02 8.560097992567234542e+03
1.930689999999999884e+02 8.693324308590075816e+03
1.934174999999999898e+02 8.997166299234360849e+03
1.937659999999999911e+02 8.985363044172623631e+03
1.941144999999999925e+02 9.304355355525753112e+03
1.944629999999999939e+02 9.594475478566788297e+03
1.948114999999999952e+02 9.034728454924259495e+03
1.951599999999999966e+02 8.919318475215124636e+03
1.955084999999999980e+02 8.594621226164874315e+03
1.958569999999999993e+02 8.493872359465107365e+03
1.962055000000000007e+02 9.100497887457022443e+03
1.965539999999999736e+02 8.552635680983023121e+03
1.969024999999999750e+02 8.741678811507112187e+03
1.972509999999999764e+02 8.748330255796781785e+03
1.975994999999999777e+02 8.506994879737252631e+03
1.979479999999999791e+02 8.792338112796191126e+03
1.982964999999999804e+02 8.779019417296151005e+03
1.986449999999999818e+02 8.660287458492608494e+03
1.989934999999999832e+02 8.231390429381606737e+03
1.993419999999999845e+02 8.139954369709907041e+03
1.996904999999999859e+02 8.407023692482309343e+03
2.000389999999999873e+02 8.740428920704705888e+03
2.003874999999999886e+02 8.115898173148457317e+03
2.007359999999999900e+02 8.634014029281896001e+03
2.010844999999999914e+02 8.836289072588633644e+03
2.014329999999999927e+02 8.720648280394516405e+03
2.017814999999999941e+02 8.862602649032434783e+03
2.021299999999999955e+02 8.852428723839462691e+03
2.024784999999999968e+02 8.915512120641564252e+03
2.028269999999999982e+02 8.633042396997050673e+03
2.031754999999999995e+02 8.589871381619277599e+03
2.035239999999999725e+02 8.564424356697716576e+03
2.038724999999999739e+02 8.170408748021424799e+03
2.042209999999999752e+02 8.372982032823045301e+03
2.045694999999999766e+02 7.915694157587760856e+03
2.049179999999999779e+02 8.758389048103328605e+03
2.052664999999999793e+02 8.660366802124086462e+03
2.056149999999999807e+02 9.015177203704353815e+03
2.059634999999999820e+02 8.606087756980565246e+03
2.063119999999999834e+02 8.936401735325074696e+03
2.066604999999999848e+02 8.809797047189067598e+03
2.070089999999999861e+02 9.268411432286320633e+03
2.073574999999999875e+02 8.143811716265276118e+03
2.077059999999999889e+02 8.963198174889039365e+03
2.080544999999999902e+02 8.726387679578680036e+03
2.084029999999999916e+02 8.822393426608219670e+03
2.087514999999999930e+02 9.570176520268785680e+03
2.090999999999999943e+02 9.820845327891383931e+03
2.094484999999999957e+02 1.137462738274817639e+04
2.097969999999999970e+02 1.074281984732619094e+04
2.101454999999999984e+02 9.431859325496570818e+03
2.104939999999999998e+02 1.006845991406828034e+04
2.108424999999999727e+02 1.021014784723258163e+04
2.111909999999999741e+02 1.369540463511196140e+04
2.115394999999999754e+02 1.355059836710618220e+04
2.118879999999999768e+02 1.149767884217119536e+04
2.122364999999999782e+02 1.128692890286766669e+04
2.125849999999999795e+02 1.124101656276570793e+04
2.129334999999999809e+02 9.962118266329211110e+03
2.132819999999999823e+02 1.023020817707549395e+04
2.136304999999999836e+02 1.569855641736062898e+04
2.139789999999999850e+02 1.117188152529757826e+04
2.143274999999999864e+02 1.289570555815713124e+04
2.146759999999999877e+02 1.121350258647573901e+04
2.150244999999999891e+02 9.898237390538224645e+03
2.153729999999999905e+02 1.001482104760450966e+04
2.157214999999999918e+02 1.027917025040578847e+04
2.160699999999999932e+02 1.119203692905507705e+04
2.164184999999999945e+02 9.232345267776954643e+03
2.167669999999999959e+02 9.517452521088389403e+03
2.171154999999999973e+02 1.045227833191766331e+04
2.174639999999999986e+02 1.008665426067166118e+04
2.178124999999999716e+02 1.143963258859833513e+04
2.181609999999999729e+02 8.872928752394238472e+03
2.185094999999999743e+02 9.227466920624568957e+03
2.188579999999999757e+02 1.007310915301063324e+04
2.192064999999999770e+02 8.651068559858296794e+03
2.195549999999999784e+02 7.526425745052996717e+03
2.199034999999999798e+02 8.316826752585177019e+03
2.202519999999999811e+02 8.102779838181725609e+03
2.206004999999999825e+02 8.488193059311930483e+03
2.209489999999999839e+02 7.946905587426345846e+03
2.212974999999999852e+02 8.795959066842415268e+03
2.216459999999999866e+02 7.894091469014113500e+03
2.219944999999999879e+02 9.376474572827313750e+03
2.223429999999999893e+02 8.236694074832343176e+03
2.226914999999999907e+02 7.853290479861947460e+03
2.230399999999999920e+02 8.377434815849599545e+03
2.233884999999999934e+02 9.005509285386220654e+03
2.237369999999999948e+02 7.937643897931894571e+03
2.240854999999999961e+02 7.872024749894235356e+03
2.244339999999999975e+02 7.930574112567800512e+03
2.247824999999999989e+02 8.174498611149874705e+03
2.251309999999999718e+02 8.165292250447831975e+03
2.254794999999999732e+02 7.806089199214403379e+03
2.258279999999999745e+02 7.642468965419074266e+03
2.261764999999999759e+02 7.890223013176226232e+03
2.265249999999999773e+02 7.465911082089332012e+03
2.268734999999999786e+02 7.830055907562999892e+03
2.272219999999999800e+02 7.683697202758269668e+03
2.275704999999999814e+02 7.416657421507021354e+03
2.279189999999999827e+02 7.698515183570264526e+03
2.282674999999999841e+02 7.459512718102183499e+03
2.286159999999999854e+02 7.966176996099316966e+03
2.289644999999999868e+02 7.560411672210792858e+03
2.293129999999999882e+02 7.555008729248306736e+03
2.296614999999999895e+02 7.652462796710771727e+03
2.300099999999999909e+02 7.960838311017981141e+03
2.303584999999999923e+02 7.334227160147681388e+03
2.307069999999999936e+02 8.077584263128534985e+03
2.310554999999999950e+02 7.791105781819849653e+03
2.314039999999999964e+02 7.612705428375411429e+03
2.317524999999999977e+02 7.581157390857300015e+03
2.321009999999999707e+02 7.414745727640264704e+03
2.324494999999999720e+02 7.354413979721073702e+03
2.327979999999999734e+02 7.379596110824130847e+03
2.331464999999999748e+02 7.419653318607490291e+03
2.334949999999999761e+02 7.297148224306446537e+03
2.338434999999999775e+02 7.315778018274533679e+03
2.341919999999999789e+02 7.497398762983247252e+03
2.345404999999999802e+02 7.177583219406806165e+03
2.348889999999999816e+02 7.260947483673396164e+03
2.352374999999999829e+02 7.598035318522343005e+03
2.355859999999999843e+02 7.351463163484116194e+03
2.359344999999999857e+02 7.747915731730029620e+03
2.362829999999999870e+02 7.336930507870547444e+03
2.366314999999999884e+02 7.483736713530584893e+03
2.369799999999999898e+02 7.256260464551936820e+03
2.373284999999999911e+02 7.706030317658734020e+03
2.376769999999999925e+02 7.254388779855436042e+03
2.380254999999999939e+02 7.343136645791391857e+03
2.383739999999999952e+02 7.321410574167201958e+03
2.387224999999999966e+02 7.522006039988250450e+03
2.390709999999999980e+02 7.411869246058604404e+03
2.394194999999999709e+02 7.533068431529444752e+03
2.397679999999999723e+02 7.468787333695048801e+03
2.401164999999999736e+02 7.406917434889917786e+03
2.404649999999999750e+02 7.537168449379946651e+03
2.408134999999999764e+02 7.371027599685270616e+03
2.411619999999999777e+02 7.069299144849463119e+03
2.415104999999999791e+02 7.298614026377736081e+03
2.418589999999999804e+02 7.125504309562988965e+03
2.422074999999999818e+02 6.966091295774309401e+03
2.425559999999999832e+02 7.107887868870496277e+03
2.429044999999999845e+02 7.634384376855700793e+03
2.432529999999999859e+02 7.323506902337763677e+03
2.436014999999999873e+02 7.359516343635602425e+03
2.439499999999999886e+02 7.303984409132805013e+03
2.442984999999999900e+02 7.459574935775843187e+03
2.446469999999999914e+02 7.398401277515275069e+03
2.449954999999999927e+02 6.939202829862626459e+03
2.453439999999999941e+02 7.278576173857842150e+03
2.456924999999999955e+02 7.227806532675665949e+03
2.460409999999999968e+02 6.997359793900257500e+03
2.463894999999999698e+02 7.030223841301031825e+03
2.467379999999999711e+02 7.011994242950616353e+03
2.470864999999999725e+02 7.072565945100691351e+03
2.474349999999999739e+02 7.314591014029443613e+03
2.477834999999999752e+02 7.228100058523084954e+03
2.481319999999999766e+02 7.184391186978417863e+03
2.484804999999999779e+02 7.476132574714953989e+03
2.488289999999999793e+02 7.544965656746053355e+03
2.491774999999999807e+02 7.330824152820480776e+03
2.495259999999999820e+02 7.369732226764162078e+03
2.498744999999999834e+02 7.070586750102065707e+03
2.502229999999999848e+02 7.334149575870325862e+03
2.505714999999999861e+02 7.360580673709554503e+03
2.509199999999999875e+02 7.584617850614396957e+03
2.512684999999999889e+02 7.953750697478560141e+03
2.516169999999999902e+02 7.844554685901943230e+03
2.519654999999999916e+02 8.230091180981364232e+03
2.523139999999999930e+02 7.375580808887776584e+03
2.526624999999999943e+02 7.707451976033688879e+03
2.530109999999999957e+02 7.904888216969891801e+03
2.533594999999999970e+02 8.509323832983409375e+03
2.537079999999999700e+02 8.574333101819596777e+03
2.540564999999999714e+02 8.666196720745663697e+03
2.544049999999999727e+02 7.794138498204210919e+03
2.547534999999999741e+02 7.727262163091163529e+03
2.551019999999999754e+02 8.039847484944070857e+03
2.554504999999999768e+02 7.587658590649068174e+03
2.557989999999999782e+02 8.384890718142967671e+03
2.561474999999999795e+02 8.265481111243245323e+03
2.564959999999999809e+02 9.174927652830841907e+03
2.568444999999999823e+02 7.964999617114694047e+03
2.571929999999999836e+02 7.856748352893245283e+03
2.575414999999999850e+02 7.736652198559715544e+03
2.578899999999999864e+02 7.850540847887583368e+03
2.582384999999999877e+02 7.960704917789955289e+03
2.585869999999999891e+02 7.834530146382083331e+03
2.589354999999999905e+02 8.141000140081647260e+03
2.592839999999999918e+02 7.289775480239077297e+03
2.596324999999999932e+02 7.783037045417347144e+03
2.599809999999999945e+02 8.045856170850031049e+03
2.603294999999999959e+02 7.623264047109256353e+03
2.606779999999999973e+02 7.046159280158008187e+03
2.610264999999999986e+02 7.342930423886060453e+03
2.613750000000000000e+02 6.967739147644469995e+03
2.617235000000000014e+02 7.153083584188954774e+03
2.620720000000000027e+02 7.082444165202177828e+03
2.624205000000000041e+02 7.004231169145016793e+03
2.627690000000000055e+02 6.854812769407224550e+03
2.631175000000000068e+02 7.244468055934450604e+03
2.634660000000000082e+02 6.934469781970961776e+03
2.638145000000000095e+02 7.047336074363894113e+03
2.641629999999999541e+02 7.220098142001297674e+03
2.645114999999999554e+02 7.091536457396620790e+03
2.648599999999999568e+02 7.015515734828311906e+03
2.652084999999999582e+02 6.807487121668515101e+03
2.655569999999999595e+02 6.749206840164936693e+03
2.659054999999999609e+02 6.852389401127188648e+03
2.662539999999999623e+02 6.816095399456904488e+03
2.666024999999999636e+02 6.795428187710844213e+03
2.669509999999999650e+02 6.953498616051667341e+03
2.672994999999999663e+02 6.862471669835933426e+03
2.676479999999999677e+02 6.943356756222111471e+03
2.679964999999999691e+02 7.010189719138214969e+03
2.683449999999999704e+02 6.602564036122621474e+03
2.686934999999999718e+02 6.743506943881515326e+03
2.690419999999999732e+02 6.550674046655274651e+03
2.693904999999999745e+02 7.118348176713254361e+03
2.697389999999999759e+02 6.883295868919281020e+03
2.700874999999999773e+02 6.820838370598113215e+03
2.704359999999999786e+02 6.698912464304284185e+03
2.707844999999999800e+02 6.544104900840016853e+03
2.711329999999999814e+02 6.755363510079437219e+03
2.714814999999999827e+02 6.628928559167693493e+03
2.718299999999999841e+02 6.658260006824461016e+03
2.721784999999999854e+02 6.834390214527502394e+03
2.725269999999999868e+02 6.580395578261231094e+03
2.728754999999999882e+02 6.891952982457192775e+03
2.732239999999999895e+02 6.595730209316146102e+03
2.735724999999999909e+02 6.807225539557052798e+03
2.739209999999999923e+02 6.570477667699637095e+03
2.742694999999999936e+02 6.792345980406619674e+03
2.746179999999999950e+02 6.608657200464861489e+03
2.749664999999999964e+02 6.727341274829603208e+03
2.753149999999999977e+02 6.864250982164679044e+03
2.756634999999999991e+02 1.060863625914311524e+04
2.760120000000000005e+02 6.765801840461143911e+03
2.763605000000000018e+02 6.563503091900512118e+03
2.767090000000000032e+02 6.628083778566070578e+03
2.770575000000000045e+02 6.578271269491397106e+03
2.774060000000000059e+02 6.414584564701513955e+03
2.777545000000000073e+02 6.456488642207516932e+03
2.781030000000000086e+02 6.443918050863047029e+03
2.784514999999999532e+02 6.718058241694710887e+03
2.787999999999999545e+02 6.972320238198867628e+03
2.791484999999999559e+02 6.566158955676933147e+03
2.794969999999999573e+02 6.489608828669901413e+03
2.798454999999999586e+02 6.491789705412997137e+03
2.801939999999999600e+02 6.385044394932764590e+03
2.805424999999999613e+02 6.652864952742907917e+03
2.808909999999999627e+02 6.410388657585497640e+03
2.812394999999999641e+02 6.503208099320087058e+03
2.815879999999999654e+02 6.685297044744669620e+03
2.819364999999999668e+02 6.575535549399850424e+03
2.822849999999999682e+02 6.621181163702715821e+03
2.826334999999999695e+02 6.506478553772546547e+03
2.829819999999999709e+02 6.480071736307176252e+03
2.833304999999999723e+02 6.406831739426423155e+03
2.836789999999999736e+02 6.466625340462614986e+03
2.840274999999999750e+02 6.756599311685073189e+03
2.843759999999999764e+02 6.534660569284124904e+03
2.847244999999999777e+02 6.477502860797691937e+03
2.850729999999999791e+02 6.509906744192811857e+03
2.854214999999999804e+02 6.561713438132803276e+03
2.857699999999999818e+02 6.395881947398832381e+03
2.861184999999999832e+02 6.543673088719061525e+03
2.864669999999999845e+02 6.494915523556833250e+03
2.868154999999999859e+02 6.440236524118166926e+03
2.871639999999999873e+02 6.467000507239763465e+03
2.875124999999999886e+02 6.710724937111333929e+03
2.878609999999999900e+02 6.413721595312998033e+03
2.882094999999999914e+02 6.480894788060149949e+03
2.885579999999999927e+02 6.472439598531144838e+03
2.889064999999999941e+02 6.595783570055060409e+03
2.892549999999999955e+02 6.521041697063834363e+03
2.896034999999999968e+02 6.507942418311038637e+03
2.899519999999999982e+02 6.361027711612888197e+03
2.903004999999999995e+02 6.511266477604602187e+03
2.906490000000000009e+02 6.478929938428128480e+03
2.909975000000000023e+02 6.755081912379920141e+03
2.913460000000000036e+02 6.699039645866817409e+03
2.916945000000000050e+02 6.417121672903539547e+03
2.920430000000000064e+02 6.373094809682147570e+03
2.923915000000000077e+02 6.838093404788788575e+03
2.927399999999999523e+02 6.504276152105394431e+03
2.930884999999999536e+02 6.427324804977967688e+03
2.934369999999999550e+02 6.562115948956303328e+03
2.937854999999999563e+02 6.857050622122782443e+03
2.941339999999999577e+02 7.113466532533826467e+03
2.944824999999999591e+02 6.633882684061580221e+03
2.948309999999999604e+02 6.530960695305840090e+03
2.951794999999999618e+02 6.909592114110413604e+03
2.955279999999999632e+02 6.487346157065068837e+03
2.958764999999999645e+02 7.044419577375498193e+03
2.962249999999999659e+02 6.695543846343866790e+03
2.965734999999999673e+02 6.839332838736136182e+03
2.969219999999999686e+02 6.530127730979361331e+03
2.972704999999999700e+02 6.654738691020907936e+03
2.976189999999999714e+02 6.608241657661694262e+03
2.979674999999999727e+02 6.831750343027238159e+03
2.983159999999999741e+02 6.671745900450665431e+03
2.986644999999999754e+02 6.929476777732300434e+03
2.990129999999999768e+02 7.269664649683500102e+03
2.993614999999999782e+02 6.875637025672406708e+03
2.997099999999999795e+02 6.731338235408226865e+03
3.000584999999999809e+02 6.897818975197445980e+03
3.004069999999999823e+02 6.534329884760435561e+03
3.007554999999999836e+02 6.731745029970057658e+03
3.011039999999999850e+02 6.665767787019878597e+03
3.014524999999999864e+02 6.439165035678988716e+03
3.018009999999999877e+02 6.295326751304029131e+03
3.021494999999999891e+02 6.914765264593886968e+03
3.024979999999999905e+02 6.577781403570264956e+03
3.028464999999999918e+02 6.472686793234015568e+03
3.031949999999999932e+02 6.409948714728230698e+03
3.035434999999999945e+02 6.390236577276195931e+03
3.038919999999999959e+02 6.241600923019299444e+03
3.042404999999999973e+02 6.466765539173780780e+03
3.045889999999999986e+02 6.604419427265884224e+03
3.049375000000000000e+02 6.377399975699980132e+03
3.052860000000000014e+02 6.569562387008931182e+03
3.056345000000000027e+02 6.390709653051191708e+03
3.059830000000000041e+02 6.393087576987930333e+03
3.063315000000000055e+02 6.200523169155436335e+03
3.066800000000000068e+02 6.432430613570721107e+03
3.070284999999999513e+02 6.512065878550894922e+03
3.073769999999999527e+02 6.565371867983344600e+03
3.077254999999999541e+02 7.382090972593558035e+03
3.080739999999999554e+02 8.355158207353226317e+03
3.084224999999999568e+02 6.509647132763326226e+03
3.087709999999999582e+02 6.443607308322779318e+03
3.091194999999999595e+02 6.371285392754593886e+03
3.094679999999999609e+02 6.392906904343071801e+03
3.098164999999999623e+02 6.190054410163792454e+03
3.101649999999999636e+02 6.315921520587762643e+03
3.105134999999999650e+02 6.296289120148115217e+03
3.108619999999999663e+02 6.370764115079257863e+03
3.112104999999999677e+02 6.323906230026708727e+03
3.115589999999999691e+02 6.216803335369293563e+03
3.119074999999999704e+02 6.247812703324160793e+03
3.122559999999999718e+02 6.279932289083812066e+03
3.126044999999999732e+02 6.494337516691678502e+03
3.129529999999999745e+02 6.069480159290319534e+03
3.133014999999999759e+02 6.317084899212819437e+03
3.136499999999999773e+02 6.240189670583868065e+03
3.139984999999999786e+02 6.416685863935073940e+03
3.143469999999999800e+02 6.141414667051710239e+03
3.146954999999999814e+02 6.223128456233251200e+03
3.150439999999999827e+02 6.336888007065439524e+03
3.153924999999999841e+02 6.176655200607779989e+03
3.157409999999999854e+02 6.389443309869207951e+03
3.160894999999999868e+02 6.182885843335991012e+03
3.164379999999999882e+02 6.392305638439884206e+03
3.167864999999999895e+02 6.410110276238006008e+03
3.171349999999999909e+02 6.293150311679863080e+03
3.174834999999999923e+02 6.283509915434994582e+03
3.178319999999999936e+02 6.205077900718859382e+03
3.181804999999999950e+02 6.228549856138172800e+03
3.185289999999999964e+02 6.349691343927150228e+03
3.188774999999999977e+02 6.316535816161775983e+03
3.192259999999999991e+02 6.355417035294553898e+03
3.195745000000000005e+02 6.238974677337266257e+03
3.199230000000000018e+02 6.163257832443506231e+03
3.202715000000000032e+02 6.334082702257679557e+03
3.206200000000000045e+02 6.177181236964685922e+03
3.209685000000000059e+02 6.261224480686179959e+03
3.213169999999999504e+02 6.262297871696672701e+03
3.216654999999999518e+02 6.221559106828645781e+03
3.220139999999999532e+02 6.515885398696954326e+03
3.223624999999999545e+02 6.410064358460560470e+03
3.227109999999999559e+02 6.226491669079297026e+03
3.230594999999999573e+02 6.185811726881826871e+03
3.234079999999999586e+02 6.265447969645040757e+03
3.237564999999999600e+02 6.061592943899269812e+03
3.241049999999999613e+02 6.171383335390943103e+03
3.244534999999999627e+02 6.344696605019414164e+03
3.248019999999999641e+02 6.308543037858799835e+03
3.251504999999999654e+02 6.249500032637462937e+03
3.254989999999999668e+02 6.031072983441810720e+03
3.258474999999999682e+02 6.257145653648198277e+03
3.261959999999999695e+02 6.330964052035296845e+03
3.265444999999999709e+02 6.283666298424576780e+03
3.268929999999999723e+02 6.170119776463005110e+03
3.272414999999999736e+02 6.194958959540815158e+03
3.275899999999999750e+02 6.055675274150712539e+03
3.279384999999999764e+02 6.084589518553239941e+03
3.282869999999999777e+02 6.182282254705690320e+03
3.286354999999999791e+02 6.196474683225904300e+03
3.289839999999999804e+02 6.049894822559152999e+03
3.293324999999999818e+02 6.246245964523453040e+03
3.296809999999999832e+02 6.233745469864256847e+03
3.300294999999999845e+02 6.228928691540251748e+03
3.303779999999999859e+02 6.035156503307969615e+03
3.307264999999999873e+02 6.201719175082208494e+03
3.310749999999999886e+02 6.208932770922690906e+03
3.314234999999999900e+02 6.194894863829931637e+03
3.317719999999999914e+02 6.342542036680862111e+03
3.321204999999999927e+02 7.323500258910477896e+03
3.324689999999999941e+02 1.033326473249896662e+04
3.328174999999999955e+02 6.449516287548670334e+03
3.331659999999999968e+02 6.351422916323364916e+03
3.335144999999999982e+02 6.188248946070795682e+03
3.338629999999999995e+02 6.263433719317864416e+03
3.342115000000000009e+02 6.077696478859340459e+03
3.345600000000000023e+02 6.417579144536665808e+03
3.349085000000000036e+02 6.308067330687802496e+03
3.352570000000000050e+02 6.136843831351943663e+03
3.356054999999999495e+02 6.121296251816257609e+03
3.359539999999999509e+02 6.398758359586918232e+03
3.363024999999999523e+02 6.221955384064905957e+03
3.366509999999999536e+02 6.207175834766103435e+03
3.369994999999999550e+02 6.284803064633442773e+03
3.373479999999999563e+02 6.350941351715500787e+03
3.376964999999999577e+02 6.307219498715670852e+03
3.380449999999999591e+02 6.499865287326175348e+03
3.383934999999999604e+02 6.411534534126445578e+03
3.387419999999999618e+02 6.259167332727849498e+03
3.390904999999999632e+02 6.133208571510285765e+03
3.394389999999999645e+02 6.124259089085976484e+03
3.397874999999999659e+02 6.212196224477275791e+03
3.401359999999999673e+02 6.166886469787210444e+03
3.404844999999999686e+02 6.234492612746694249e+03
3.408329999999999700e+02 6.197069729854477373e+03
3.411814999999999714e+02 6.643790965045258417e+03
3.415299999999999727e+02 6.387244843630484866e+03
3.418784999999999741e+02 6.300694546342808280e+03
3.422269999999999754e+02 6.248769009954723515e+03
3.425754999999999768e+02 6.088654058546529996e+03
3.429239999999999782e+02 6.304943645909932457e+03
3.432724999999999795e+02 6.181849779053583006e+03
3.436209999999999809e+02 6.151467105612504383e+03
3.439694999999999823e+02 6.164540610633090182e+03
3.443179999999999836e+02 6.137255409518387751e+03
3.446664999999999850e+02 6.163216603924474839e+03
3.450149999999999864e+02 6.313741308886959814e+03
3.453634999999999877e+02 6.226243133080237385e+03
3.457119999999999891e+02 6.102931765115342387e+03
3.460604999999999905e+02 6.170199715214178468e+03
3.464089999999999918e+02 6.248436653725482756e+03
3.467574999999999932e+02 6.303353386806157687e+03
3.471059999999999945e+02 6.180674309835368149e+03
3.474544999999999959e+02 6.214639090287021645e+03
3.478029999999999973e+02 6.157036955796461370e+03
3.481514999999999986e+02 6.165028701149838525e+03
3.485000000000000000e+02 5.781984420289854825e+03
